epoch,loss,pion_con,train_time,val_loss,val_pion_con
0,0.9680673359994759,0.6963635,35.15157175064087,0.9212881940905079,0.6481995
1,0.9097895367758713,0.6038651,36.686107873916626,0.9011449292867473,0.5800853
2,0.8926881689600079,0.55280334,35.23794436454773,0.9225033704468925,0.56812364
3,0.8850476232572808,0.54221225,35.5898220539093,0.8786069357369943,0.54325914
4,0.8789486924048021,0.5335413,34.51887774467468,0.8967541606518663,0.53266734
5,0.875004803793472,0.5317783,34.476670265197754,0.8772856831605979,0.5339322
6,0.8710548981470719,0.52554417,40.17468786239624,0.8698197423854893,0.51702964
7,0.8680478044963437,0.5232483,37.51430654525757,0.8675195673552836,0.52058506
8,0.8671670309467614,0.5189837,38.62864947319031,0.8748336905958803,0.53270704
9,0.864503405073067,0.5190486,37.48500156402588,0.8743190265634695,0.52138054
10,0.8646991009295935,0.5188155,36.676626682281494,0.8621855898849339,0.5068451
11,0.8625050544437254,0.5140441,32.98233675956726,0.8676573020840986,0.5195977
12,0.8611137759004163,0.51399606,26.80013132095337,0.862213899983672,0.50796974
13,0.8601852440891008,0.51273125,26.979804754257202,0.8598091636230523,0.507828
14,0.8582456770367187,0.5116174,30.075690269470215,0.8588778884201766,0.51479715
15,0.8592997720175073,0.51136833,27.863595724105835,0.8589774124704677,0.50737685
16,0.8572278764476079,0.50620824,27.535597562789917,0.8590976688086891,0.5136166
17,0.8587140387318609,0.50724244,28.604503870010376,0.8581546834606406,0.5080385
18,0.8569518094952899,0.5072361,29.894073247909546,0.8671707734777113,0.50674796
19,0.8541140617381302,0.505348,27.715115547180176,0.8595211705136101,0.50805295
