epoch,loss,pion_con,train_time,val_loss,val_pion_con
0,0.9696973083191744,0.68389577,27.90386986732483,0.9020071071444486,0.6310573
1,0.9094454519948812,0.588312,27.49079394340515,0.9013069387509359,0.5799793
2,0.8968022918136995,0.5620007,27.368899822235107,0.8793248371784302,0.5578945
3,0.8904683538123904,0.5506202,27.34200119972229,0.8781576901943481,0.5437762
4,0.881580593889048,0.5378809,27.306455612182617,0.8730789004990284,0.5481772
5,0.87904120851956,0.5330785,27.28581404685974,0.8715493024604676,0.53997654
6,0.8752665395974425,0.53022367,27.176027536392212,0.8632773410084509,0.5365742
7,0.871420425179829,0.52341455,27.158556938171387,0.8571243510853984,0.5312892
8,0.8704336124719987,0.5208315,27.15830087661743,0.8596670625009578,0.5393691
9,0.8679158336176832,0.51613426,27.087668895721436,0.8579696905186517,0.52544093
10,0.8651470748975475,0.5172478,27.81635546684265,0.8531889181768914,0.5329058
11,0.865322016787372,0.5123075,27.75297522544861,0.8600486315275724,0.5268415
12,0.861043033501593,0.5092515,26.735048294067383,0.8657816790626186,0.5315116
13,0.8622706764750572,0.50631577,26.696012258529663,0.8531353666510031,0.5288592
14,0.8596381463833523,0.5094932,26.77402138710022,0.8567150239606515,0.5273887
15,0.8610986582785143,0.5091733,27.628817319869995,0.855156972738977,0.51726377
16,0.8572781450761928,0.5086,26.74631643295288,0.8561474196876276,0.5243481
17,0.8579792621650644,0.50795895,27.672467470169067,0.85110350629661,0.520727
18,0.8558086424319019,0.5045495,27.01464343070984,0.8499116344579403,0.5228336
19,0.8573891469620581,0.503139,27.31281280517578,0.8510260463025521,0.5195776
