epoch,loss,pion_con,train_time,val_loss,val_pion_con
0,1.0271717611467046,0.7185496,35.87086796760559,0.9558325285498792,0.7150943
1,0.9659788195519068,0.66571605,36.25110387802124,0.9291439856857974,0.60675687
2,0.9249054824977788,0.60931146,34.47246479988098,0.9303566131090666,0.59114844
3,0.9099143519686083,0.58328086,33.22685742378235,0.9073612476142222,0.5845915
4,0.9053074386760304,0.5753527,31.15265655517578,0.8875098492741947,0.55103093
5,0.900543974302811,0.5697637,31.798192024230957,0.8945862772431155,0.55446625
6,0.8982262155160526,0.5713574,31.253018856048584,0.8852799174117727,0.5375307
7,0.8981256033336585,0.56557685,31.31304144859314,0.9026878287018973,0.5746865
8,0.8979354125726897,0.5660923,31.480082035064697,0.8828515047589657,0.5369947
9,0.895049052623894,0.5595545,31.461149215698242,0.8861814154195581,0.5450886
10,0.8936143784818689,0.56221145,31.42883539199829,0.8792813982590914,0.53633046
11,0.8948013237286027,0.55870885,31.772920846939087,0.8822793019105264,0.54046756
12,0.8927064541606132,0.56329435,31.02807855606079,0.8840820808258779,0.54265213
13,0.8922275742861705,0.564483,31.66561198234558,0.8862491658806696,0.53537476
14,0.8942940515907546,0.56627893,32.95130681991577,0.8836442255237873,0.54738235
15,0.8913238630262557,0.5587824,34.47884011268616,0.8786915173523441,0.5325643
16,0.8907948220252864,0.55818754,35.64595913887024,0.8818915431909172,0.54909945
17,0.8912829500813589,0.5615429,32.994245529174805,0.8854875144238306,0.54025763
18,0.8904291863459435,0.55498666,31.790270805358887,0.877271480788716,0.53011185
19,0.8906155210624982,0.5589424,31.356148719787598,0.87777843643575,0.53528327
20,0.8899971088705144,0.5540274,31.56818389892578,0.8748684635419811,0.5253523
21,0.8866438233714639,0.5488522,33.85133457183838,0.8733173622871131,0.531739
22,0.8856973442684893,0.5455586,33.958396673202515,0.8711420302791514,0.515256
23,0.88478311956825,0.5474759,32.558650970458984,0.8792324416104416,0.5380076
24,0.8826996006113378,0.54372185,31.52815842628479,0.867749025048453,0.52695745
25,0.8821645758281247,0.54475445,37.56439924240112,0.8699884571399255,0.5271783
26,0.8814968962065673,0.5415457,32.73923897743225,0.8725788027428082,0.5208503
27,0.8801805432334142,0.54193085,32.265202045440674,0.8663500665123077,0.51375836
28,0.8811750913487181,0.54150456,35.0004141330719,0.8660391912711138,0.5169511
29,0.8810440230014958,0.53713447,35.15939474105835,0.8773334171587033,0.52692103
30,0.8803462496325006,0.5414077,32.471954584121704,0.8659982176974753,0.52447337
31,0.8800240412782239,0.53965896,34.127095222473145,0.8645159547861708,0.5362415
32,0.8808581066589051,0.53889644,35.15598726272583,0.8736490940436024,0.5212374
33,0.8802544155843853,0.5344229,32.799219846725464,0.8648010814330823,0.521416
34,0.877679308006888,0.5394548,31.769612073898315,0.8675848172826328,0.5092571
35,0.880378075200538,0.5355207,31.76607871055603,0.8671045083177051,0.51684713
36,0.8777449277681997,0.5387208,33.18764591217041,0.865134259564441,0.519941
37,0.878626817844184,0.5382129,35.17130446434021,0.8726955287065035,0.526394
38,0.8766774044821262,0.5362583,32.95029163360596,0.8726036521908864,0.5230807
39,0.8788911819017602,0.5375269,32.41184377670288,0.8674165821159125,0.51834136
