epoch,loss,pion_con,train_time,val_loss,val_pion_con
0,1.001279910986238,0.70323807,41.754111528396606,0.9510313017941934,0.69571334
1,0.9530809592997095,0.676543,35.50804805755615,0.9237210554748747,0.6762956
2,0.9247456214137878,0.6180207,32.737064838409424,0.9351124773211098,0.57910174
3,0.9088296073666673,0.5837803,30.969362258911133,0.8881008272719163,0.54324883
4,0.8980372107205388,0.56095326,30.95584726333618,0.8903691388890843,0.54199916
5,0.8970912289731438,0.5533876,30.973469495773315,0.8862617292801929,0.54106563
6,0.8925706563636494,0.55253,30.853029489517212,0.8824702559261768,0.5324048
7,0.8922478850632354,0.5537647,31.211851596832275,0.8799369917068252,0.5347066
8,0.8909522088025082,0.548029,31.149361610412598,0.8830682290687674,0.5338351
9,0.8890805216210611,0.54949284,31.779913425445557,0.8756614052282664,0.5264475
10,0.8893998756481372,0.54583836,28.248762369155884,0.8820401784902708,0.53688294
11,0.8901697965860833,0.54796904,28.149502754211426,0.8803775644706029,0.5391039
12,0.8886870185900139,0.5449705,30.2086284160614,0.883271857841527,0.5337575
13,0.8890007983580626,0.54509455,36.979920625686646,0.8772266264182821,0.52651274
14,0.8879022752166849,0.54538983,33.8781476020813,0.8830527129302745,0.5307968
15,0.8878482305186315,0.544243,32.66671419143677,0.8832816774952315,0.5341833
16,0.8860610889706871,0.5384966,33.883225440979004,0.8761773176169362,0.53250074
17,0.8845773788801794,0.5420221,31.7885262966156,0.8745055747827182,0.52314574
18,0.8867436793166584,0.540812,32.406214475631714,0.8733495804051674,0.5242816
19,0.8827179868859247,0.537816,33.18509650230408,0.8735846663206848,0.5244683
20,0.884665126044059,0.54130137,32.18614840507507,0.8735571289932587,0.5193946
21,0.8828233188809996,0.53511167,32.08443212509155,0.8713969415246884,0.5234014
22,0.8827287773655931,0.5398179,34.90325450897217,0.8706264405887301,0.52821535
23,0.8809122493076639,0.53810304,32.163516998291016,0.8708431808726872,0.5275426
24,0.8823125292753247,0.5362365,36.77742838859558,0.8780799750814574,0.5219328
25,0.8816910918800567,0.53495175,41.25647759437561,0.8748764510443441,0.5202575
26,0.8795914758653918,0.5344176,39.26926875114441,0.8708476747361592,0.52989477
27,0.881124897317031,0.534746,40.47530269622803,0.8688220470406857,0.5230329
28,0.8792034094085809,0.53449476,40.281073808670044,0.8775271738817897,0.5231264
29,0.8795282029696655,0.53165334,41.22451090812683,0.8696865925346821,0.5207052
30,0.879166153612632,0.5359368,44.609753131866455,0.8682324722488473,0.52591294
31,0.8792340689256751,0.53373504,47.36290621757507,0.874037984802266,0.51674175
32,0.8793533246222048,0.5364716,46.99305176734924,0.8660078750436678,0.5185305
33,0.879160969501169,0.53385514,47.23524570465088,0.8706588181560547,0.5249192
34,0.8793907587094908,0.5352109,44.70549130439758,0.8798243330117318,0.5301455
35,0.8797908730076899,0.5336799,43.12581396102905,0.8674528643889622,0.51529604
36,0.8788187661393781,0.5339591,45.5889048576355,0.8799008778300498,0.52645415
37,0.8781602795278715,0.53204536,44.615821838378906,0.8718924983441353,0.5175863
38,0.8783727728682598,0.5280875,53.4742431640625,0.8710579730234573,0.5238471
39,0.8772772651542151,0.5314366,63.45026469230652,0.8728881195777524,0.52490956
