epoch,loss,pion_con,train_time,val_loss,val_pion_con
0,0.8314594704755033,0.67345667,38.01113772392273,0.7584886127612811,0.5749396
1,0.7461487232760564,0.5540267,40.57350969314575,0.7450697943525926,0.5559929
2,0.7392583349950365,0.5421263,38.261696100234985,0.7362368176867422,0.54632074
3,0.7353600886191823,0.5328566,38.157392501831055,0.7381578775846072,0.5411124
4,0.7316784112111542,0.5316281,38.01802921295166,0.734174835265332,0.5325592
5,0.729548178531005,0.52725416,41.14989519119263,0.7355503053871422,0.5304383
6,0.7281877373825575,0.5233527,39.44972085952759,0.7389587467778715,0.5231162
7,0.7251443676514597,0.52239716,37.972527503967285,0.7269914706318329,0.52368563
8,0.7241204546777708,0.51654595,39.989144802093506,0.726643508114911,0.51509464
9,0.7212726784894888,0.51936394,38.04685163497925,0.7294898409343914,0.52159804
10,0.7218913057183645,0.5147077,38.73236012458801,0.7269822001204926,0.5309245
11,0.7194166069551966,0.5151218,39.93573713302612,0.7270201262762924,0.5211568
12,0.7180290950613418,0.5076976,39.05845665931702,0.7235661076907435,0.52770215
13,0.7186453834663669,0.5079305,38.98203229904175,0.7207944285996973,0.5195475
14,0.716221220974955,0.50607145,38.36778974533081,0.7273913691189443,0.52861387
15,0.7150952318696505,0.50426733,39.62909269332886,0.7194235633697396,0.5120228
16,0.7143633369113517,0.5067275,39.162383794784546,0.7274893931323407,0.5194993
17,0.7161801684446505,0.5071668,38.14264178276062,0.722551288432688,0.51345354
18,0.7141037360674756,0.504632,39.389331102371216,0.7223273086595848,0.5155951
19,0.71365209097721,0.505321,38.87459206581116,0.7227886229936558,0.5224906
