epoch,loss,pion_con,train_time,val_loss,val_pion_con
0,0.9487290204478063,0.6764937,33.279603242874146,0.9358007562140186,0.66824347
1,0.9176227035347776,0.6459122,33.094507455825806,0.9327912358379152,0.6541937
2,0.8999726763680442,0.5749076,33.17349815368652,0.9058071820335839,0.5581072
3,0.8906661516654306,0.5523805,33.20348405838013,0.8895990483246289,0.54398143
4,0.883544899725935,0.53988624,33.523393392562866,0.8802021570218733,0.53205884
5,0.8786111059515218,0.5357044,33.27099895477295,0.8877734173521348,0.5489253
6,0.8755614387056456,0.52636707,33.350236892700195,0.877854710453365,0.5328176
7,0.8741640155718058,0.526605,33.00198817253113,0.8750446236220338,0.5405984
8,0.8695612883140766,0.5246824,32.677897453308105,0.8786119338816668,0.5433583
9,0.8698940572835098,0.5221081,29.575098037719727,0.8846585502322012,0.5273972
10,0.8679576840570423,0.52145123,29.734797477722168,0.8813195703463199,0.53090173
11,0.8669468361334316,0.5162769,34.31681299209595,0.8684936731304583,0.53024006
12,0.863350814614717,0.5087714,32.806811809539795,0.8687169460933284,0.5216964
13,0.8628849994673791,0.5119114,28.866182327270508,0.8680860364141126,0.5250992
14,0.8605142715723387,0.5113669,30.18394446372986,0.8698309520645527,0.52464944
15,0.8603063474496246,0.5135575,28.962236642837524,0.8801046855921147,0.52343476
16,0.8613845482697708,0.50897914,29.171590089797974,0.8825765604578532,0.5340654
17,0.8585661323856523,0.51260245,32.013970136642456,0.8709335835540091,0.52172494
18,0.8569546649019679,0.5093232,35.33035206794739,0.8738097035816554,0.52966845
19,0.8563275616854866,0.50771403,36.94793939590454,0.8667726216008308,0.5215421
