epoch,loss,pion_con,train_time,val_loss,val_pion_con
0,0.8090477463818585,0.6801307,39.83578181266785,0.747473462712034,0.61192286
1,0.759541517454553,0.58200043,39.09695768356323,0.7418564465891159,0.5786873
2,0.7483841011707735,0.5549206,41.160239458084106,0.7495638834800555,0.573018
3,0.7423846582223614,0.5455684,32.721646308898926,0.7246129363742773,0.5417988
4,0.7369996997833314,0.53246343,32.688854694366455,0.720442956718042,0.53775907
5,0.7345789926397878,0.527091,32.92078685760498,0.7538880469725949,0.532127
6,0.7315240049578847,0.5240545,31.965656757354736,0.7261779484822698,0.528264
7,0.7297616245540534,0.51865137,33.52621388435364,0.7230030550030577,0.53306305
8,0.7274157480863922,0.51765466,33.57204556465149,0.7198012766971542,0.5242362
9,0.7263712069377349,0.517065,31.860468864440918,0.722692491622538,0.5242355
10,0.7238901448660983,0.5142457,31.774985313415527,0.7123248266511315,0.5260442
11,0.7227139745096709,0.5111866,31.72827959060669,0.7102528484517777,0.51927274
12,0.7228376272451004,0.50941074,31.80414843559265,0.7100148670651146,0.5169197
13,0.719696296673522,0.5086524,33.04407811164856,0.7076998874834557,0.5238867
14,0.7191751895564863,0.504786,31.96040940284729,0.7081206933034006,0.5079854
15,0.7191127466083217,0.504348,31.94268536567688,0.7100720165611663,0.51026964
16,0.7189431992595585,0.50611377,32.2431845664978,0.7295125813311226,0.5259957
17,0.7174574887540646,0.5043663,32.089598417282104,0.7063887196490135,0.5122829
18,0.7180349117355738,0.50284606,32.69059872627258,0.7112707579573504,0.51878184
19,0.7159660664109216,0.5023521,32.211588621139526,0.7049406338857817,0.5063588
