epoch,loss,pion_con,train_time,val_loss,val_pion_con
0,0.8241907868041755,0.49288535,5.552148103713989,0.7415587232687303,0.29428762
1,0.7004181461512827,0.33353832,5.599765062332153,0.6837269491969868,0.2698729
2,0.6718196841884172,0.32311535,5.199913024902344,0.6575807587636059,0.30489025
3,0.6461131163182637,0.30495137,5.143404006958008,0.6353292667980106,0.3458717
4,0.6219186284470398,0.31915724,5.261770486831665,0.6101815864976186,0.27374515
5,0.5972007017094522,0.30777296,5.109675407409668,0.5763755883790017,0.3102911
6,0.5791188142082512,0.28064805,5.082804441452026,0.5534976406855956,0.27586025
7,0.5543686524728977,0.2737685,5.598708391189575,0.5492734248293767,0.23880585
8,0.539917479543125,0.26700792,5.26057767868042,0.5128633160758844,0.21410364
9,0.5452744747053835,0.25795257,5.212369441986084,0.531160985867884,0.20274962
10,0.5188589961907472,0.24006188,5.0716705322265625,0.49393645289394034,0.21292841
11,0.5123883091712598,0.23712526,5.3227643966674805,0.48169599075932573,0.21124257
12,0.4921958552800042,0.21986419,5.085125923156738,0.48973272625866016,0.20843327
13,0.5083591180466657,0.21091762,5.0922651290893555,0.4794706082320853,0.23525721
14,0.48534016768377514,0.20705882,5.191969871520996,0.4705713028687687,0.18875964
15,0.49765766649916293,0.2109165,5.201489210128784,0.4787809945322883,0.19483688
16,0.48433658650980416,0.1989007,5.055156469345093,0.46141839836993803,0.15635519
17,0.4673084317039836,0.20210607,5.18457555770874,0.4578388100304823,0.192411
18,0.4704999844941844,0.18542862,5.05439305305481,0.5148032285168458,0.15939707
19,0.47145213047358764,0.18899037,5.083171367645264,0.45188123898431254,0.19687319
20,0.4580701175166705,0.1818394,5.048734188079834,0.44217462583094,0.16071528
21,0.4487872929755256,0.17367631,5.06422758102417,0.4609580529128894,0.1788521
22,0.4659022807852413,0.19113064,5.030389070510864,0.45062031996825236,0.15370692
23,0.4426215979115164,0.16804022,5.0426342487335205,0.4303553503726067,0.13815397
24,0.4433105201560112,0.1683469,5.029372215270996,0.4327516990204804,0.14040613
25,0.4430325514471843,0.16982976,5.386530160903931,0.44669303339014593,0.14196865
26,0.4418366922848123,0.17490327,5.165529251098633,0.4274439758424482,0.14852102
27,0.4280925429160427,0.15830582,5.475278377532959,0.44244560419510487,0.13584277
28,0.4384330436223342,0.16943787,5.094372034072876,0.42639470896733483,0.18859708
29,0.4451445184493267,0.16418472,5.282460927963257,0.42812144958714393,0.13485426
30,0.4272771313980044,0.16066948,5.230639696121216,0.42555617000071244,0.14307456
31,0.4311131056527326,0.16660644,5.028654336929321,0.44110957308039617,0.15838236
