epoch,loss,pion_con,train_time,val_loss,val_pion_con
0,0.9288057863222466,0.35910457,11.338236331939697,0.8055815025155781,0.2923699
1,0.7714558321014876,0.30573902,10.411707162857056,0.75562072756014,0.30610192
2,0.712105556268411,0.2896466,10.351725578308105,0.6841637361499575,0.27084112
3,0.6619648890505861,0.28100768,10.357790231704712,0.6517039022572143,0.28676325
4,0.6210775630669936,0.2561651,10.404731750488281,0.607694142560333,0.2408595
5,0.6000118236137274,0.23746166,10.377399444580078,0.5951376254158902,0.23533675
6,0.5848289434709854,0.21771061,10.38410997390747,0.5856739004466535,0.22607413
7,0.5727184379636502,0.21003178,11.839133262634277,0.5774278150412226,0.2312997
8,0.5627186831941423,0.19989885,10.300154685974121,0.593193042890347,0.22298537
9,0.5625940301682982,0.19846676,10.346882104873657,0.5649795865818013,0.22060516
10,0.5474206973385828,0.19454375,10.31651782989502,0.5619696086521498,0.2095146
11,0.5451439264766939,0.18627873,10.408744096755981,0.5530499358823291,0.20085463
12,0.5411238475893759,0.18337005,11.702311277389526,0.547302948532766,0.19641352
13,0.5312254605705345,0.19216089,10.410467863082886,0.5506262851041095,0.20186503
14,0.5262576307751041,0.17744274,10.284297704696655,0.5529814987918708,0.20391308
15,0.5218580822808828,0.18085094,10.406137228012085,0.539728212080939,0.20411345
16,0.5240526766888302,0.1751342,10.273698091506958,0.5336900547182264,0.19030514
17,0.5134759199540316,0.16975684,10.851377487182617,0.5319879818108567,0.18054704
18,0.5086955876487143,0.15661229,10.950893640518188,0.5347703961055728,0.18620881
19,0.5049440715456831,0.15779977,10.345454454421997,0.5685307716905807,0.18685733
20,0.5141668994482637,0.15445548,10.312726974487305,0.5237092485277072,0.18275517
21,0.49676391171539613,0.15003176,10.342176914215088,0.5538464391405832,0.18381678
22,0.4955743313923078,0.15619658,10.309986352920532,0.5341561540560996,0.17396538
23,0.4880969162356344,0.15560116,10.978935718536377,0.5260898721538324,0.17698301
24,0.4837250602323845,0.15095407,10.773330688476562,0.5207151790047859,0.17855494
25,0.4909884609243368,0.14073628,10.467288494110107,0.5203045097673398,0.17770007
26,0.47980694764235415,0.14309083,10.399950504302979,0.5078255310386105,0.16192141
27,0.4810715455785737,0.14884102,10.404232501983643,0.499455673651645,0.1599774
28,0.4754217585724597,0.14548934,10.354830741882324,0.5010456827172451,0.16751328
29,0.47334789870520466,0.13821311,10.29657530784607,0.5097184774949411,0.1626223
30,0.46870375721902685,0.1343679,10.266093969345093,0.4966145984172335,0.14417578
31,0.4637357397530958,0.13211124,10.290268898010254,0.4963808209849069,0.15985066
32,0.462767207968893,0.12829559,10.339722156524658,0.49978520073723687,0.162778
33,0.4576410044553024,0.1230946,11.610952615737915,0.49733739964251045,0.15953977
34,0.45375876914826985,0.123407975,10.131379842758179,0.49396749800542955,0.15250139
35,0.45482356058905293,0.12854244,10.065664052963257,0.4957568939062091,0.15421511
36,0.45405580393337586,0.12497279,10.304773807525635,0.4882268680191818,0.1448387
37,0.44651398440974477,0.1223062,10.49444580078125,0.4836233219598597,0.14382887
38,0.4489965267750542,0.12547608,10.168235778808594,0.49495616576088725,0.14098726
39,0.447659407719541,0.11663247,10.052741765975952,0.49202184717657615,0.15127125
40,0.4411433406099056,0.11338931,10.009219646453857,0.4903453677213747,0.14014642
41,0.447643462720295,0.11692224,11.067634344100952,0.4757521641696241,0.1414312
42,0.44159703337753176,0.118374564,12.981361865997314,0.47273734517544963,0.15008233
43,0.43775652124251735,0.11788908,10.425258874893188,0.4715652759486175,0.1386974
44,0.4354623277696044,0.11170967,13.692371606826782,0.4760491034644917,0.13948017
45,0.43612258020209493,0.11409327,12.851780891418457,0.4714898640831406,0.13369952
46,0.43386954432699154,0.11649821,12.429361820220947,0.4768489680132952,0.14365114
47,0.43082952570666017,0.1125324,12.053360939025879,0.5008377730582937,0.13041608
48,0.43441483683202214,0.11401863,12.205020189285278,0.4669213868938551,0.13771465
49,0.432164465400111,0.10973552,11.824880599975586,0.46400823752841996,0.13737077
50,0.42902062812493696,0.10938607,11.942889928817749,0.4729063822618353,0.13858415
51,0.4314557461787131,0.10496493,12.59866976737976,0.4698360430063418,0.14098579
52,0.42511967213627566,0.10792055,12.155646085739136,0.45542615742676923,0.1326717
53,0.4284417963876091,0.10901605,12.10965633392334,0.46780738279309575,0.1351306
54,0.42502838546135063,0.10482321,11.666455507278442,0.4589227269089818,0.13128206
55,0.4292181953878998,0.10831142,11.797601222991943,0.4583950316954616,0.13237111
56,0.4192075053865864,0.1041952,11.568782091140747,0.46832818563030676,0.14042334
57,0.4175654786062853,0.10212215,11.611724376678467,0.4659534064534164,0.12909053
58,0.4206136609918253,0.10560104,12.007038116455078,0.46251682901982344,0.13501023
59,0.4208064280780815,0.10232365,11.839242458343506,0.478448607602601,0.12532125
60,0.4157172262301516,0.09939991,11.904387950897217,0.47185064905640706,0.13101673
61,0.4210381462293717,0.10560948,11.242271184921265,0.45926446149398664,0.13195087
62,0.4167550555369104,0.09867506,10.01881718635559,0.4561751879850483,0.12385225
63,0.4161557525588,0.10915442,10.065648317337036,0.46750086216608794,0.13922054
64,0.4142339747758875,0.102177136,10.911808252334595,0.456627181446986,0.12773302
65,0.41327064852073825,0.10297406,11.638375043869019,0.4506745021588865,0.124754414
66,0.4073769615611388,0.093949586,11.879523515701294,0.45889089189593946,0.12901886
67,0.41463078916534896,0.0983013,11.944592714309692,0.4607852077715172,0.13405739
68,0.4123153490608965,0.09720995,11.95377254486084,0.4579895551109022,0.12272432
69,0.4071497895902395,0.09307366,10.064486503601074,0.45728949336160896,0.122977205
70,0.4088026047614499,0.095346406,10.208146333694458,0.4603237209637041,0.12266609
71,0.4075804689131498,0.09292028,12.026822090148926,0.4564181500330785,0.12245318
72,0.40654242606216384,0.09976967,11.891472101211548,0.46653675503245995,0.12657522
73,0.4076141288034245,0.094720334,11.804947137832642,0.4476303947960913,0.12735866
74,0.4019039934435732,0.09388348,13.533205509185791,0.45515625384217906,0.128823
75,0.4037051730688659,0.09339411,12.051207065582275,0.4557979457093031,0.11889289
76,0.4016092915663838,0.094393596,12.001692771911621,0.451190520475933,0.13380982
77,0.40131298381122243,0.09016482,12.27914834022522,0.4489400622209129,0.12704267
78,0.39978287173263377,0.09040686,11.572697162628174,0.45541277626508436,0.12676181
79,0.4015930959157739,0.09100082,12.102243185043335,0.4622846122138235,0.122546986
80,0.40001549788925445,0.091760695,12.232652425765991,0.4585909255525361,0.13127795
81,0.4011308512347734,0.083660044,11.993556499481201,0.46303116787416276,0.13147458
82,0.3984718696795605,0.08750211,12.02018117904663,0.4561942229441987,0.12736024
83,0.3999052791678744,0.089374244,12.514899492263794,0.4507306331762932,0.12013667
84,0.39965315208559016,0.09270618,12.87727403640747,0.45999580674818363,0.12898578
85,0.3981812151373608,0.0884156,13.12294316291809,0.4521016482713473,0.12457417
86,0.3963953860400683,0.091218404,12.009328126907349,0.4495855240504055,0.12671548
87,0.39592842392548006,0.086171724,11.491512060165405,0.45178078203856314,0.13203953
88,0.3943941207287674,0.08844635,10.307270288467407,0.4471389975709114,0.13086933
89,0.3968652075233687,0.089485355,10.019361019134521,0.446549287179991,0.12080255
90,0.396992124980864,0.092027284,10.100280046463013,0.45306781449313066,0.12314539
91,0.39775126337245403,0.088780575,13.829447984695435,0.44300868878028943,0.11904912
92,0.3953632866780885,0.087345466,11.025015354156494,0.4559327607291039,0.12068857
93,0.3931960551035726,0.087757,10.654722929000854,0.44207507876343,0.1204491
94,0.3929934382713111,0.08376546,10.69690465927124,0.4497892214099958,0.11515041
95,0.39475986692987924,0.08675267,10.214056491851807,0.44357304763566957,0.118217014
96,0.3940071852437723,0.087271504,10.617785215377808,0.4663892032418353,0.121396415
97,0.3932452057501381,0.08462264,10.720262050628662,0.4687190397221067,0.11523559
98,0.39232631436278276,0.09028806,11.755500316619873,0.44950552731701726,0.11841629
99,0.39721415140892335,0.08656549,11.176892042160034,0.4632598173168394,0.11240662
