epoch,loss,pion_con,train_time,val_loss,val_pion_con
0,0.9672684797572065,0.38717902,11.92822527885437,0.824083801748314,0.2932099
1,0.7668451776832654,0.30528417,11.69088339805603,0.7315824534811158,0.29111898
2,0.6771211285191931,0.27514106,12.016696453094482,0.6601122567459905,0.27246338
3,0.6251293688086688,0.25125563,11.422402381896973,0.6208635967104502,0.24299079
4,0.5944617764390612,0.21846814,11.240221977233887,0.594224556312801,0.22573623
5,0.5730722425118123,0.2118093,11.687271356582642,0.5734426846718229,0.21613143
6,0.5587982426293768,0.19616884,13.154117584228516,0.5712728497042456,0.2162972
7,0.5549695079076867,0.18771443,11.951788663864136,0.5590348999745908,0.21095775
8,0.5381770686940129,0.18454131,12.427804708480835,0.5542435222845911,0.20152374
9,0.5360638234095652,0.18234003,11.934358358383179,0.5485863120042722,0.20968366
10,0.5203763005759939,0.16496797,11.81244945526123,0.5400028186240029,0.19138436
11,0.5186490152103632,0.1662026,11.811653137207031,0.5301449908037974,0.18465796
12,0.5114043794678168,0.16427986,12.12360692024231,0.539269787739913,0.17533734
13,0.5103144520566443,0.15408646,12.239952325820923,0.5203117224684544,0.17676406
14,0.5014336934542865,0.15892962,11.925694227218628,0.535799848234844,0.1769554
15,0.49838529209222954,0.14788516,12.704080820083618,0.5108931450363894,0.16365883
16,0.49287277907906085,0.15176778,11.894915580749512,0.5210362214857281,0.17245433
17,0.4930439741609257,0.15373449,11.980016231536865,0.5036203745553705,0.17021863
18,0.48776336908757345,0.14506939,12.28585958480835,0.5201715834486934,0.179012
19,0.4870541173263338,0.14405371,12.52210807800293,0.5045730212074443,0.15723704
20,0.4758238901667402,0.13836119,10.753607988357544,0.49719899429913406,0.1593736
21,0.47642863400519175,0.13661508,10.853639125823975,0.4951594003160484,0.1627747
22,0.47349647717396126,0.13955328,14.372535467147827,0.5181515408186473,0.16767137
23,0.47336948009248414,0.12687889,11.019858837127686,0.4924806790869076,0.15787096
24,0.46757630063917666,0.1256961,10.778059005737305,0.5081852856399007,0.15204401
25,0.46448117007865714,0.12995784,12.716264247894287,0.48200786547245766,0.14327097
26,0.4626636111474121,0.1281901,12.276128768920898,0.5023152176618819,0.1470268
27,0.4585432970920573,0.1232085,11.87298035621643,0.48764427815599126,0.14617738
28,0.4561307625116424,0.12541978,13.40282654762268,0.4784746726043206,0.14775886
29,0.4542398603765097,0.12490276,14.038893222808838,0.4790540659156068,0.13113704
30,0.45534592948075053,0.126946,11.554117441177368,0.48322108679788933,0.14357696
31,0.45379206330219296,0.11495318,11.919928073883057,0.4886400615548812,0.14073819
32,0.44754743762491644,0.11572338,12.281336069107056,0.47373664166318524,0.13794112
33,0.45221001617531564,0.1160078,11.59210205078125,0.4708351298604276,0.1433287
34,0.4439852262321003,0.11734419,11.742896556854248,0.47274950579776526,0.14763473
35,0.444694738617026,0.11092391,11.604066610336304,0.47201020680329947,0.1353802
36,0.44213991812230113,0.115262546,11.590458869934082,0.4692753649617247,0.13654193
37,0.44427922442510553,0.11499945,12.1207435131073,0.4852784165899107,0.13711785
38,0.4389113216010958,0.11029138,11.718769311904907,0.46979622298947243,0.14989781
39,0.44312286317199095,0.11259613,12.703153133392334,0.46592915935688217,0.12875395
40,0.431062924981416,0.10551145,10.623168706893921,0.4629510092435342,0.1340233
41,0.4406633997474884,0.112996,10.964644193649292,0.4718103848825868,0.1301397
42,0.4347262177357612,0.11643658,12.857770204544067,0.48377905136993327,0.12714455
43,0.43587278997600953,0.10969199,14.395696640014648,0.462320867767548,0.1360801
44,0.43182353554438807,0.10881153,13.234778642654419,0.46383443570226196,0.12974569
45,0.43774040418293203,0.10714048,14.68643069267273,0.46164323708833543,0.1353146
46,0.43897649012540024,0.111660324,11.95744776725769,0.4619688054851349,0.12541364
47,0.4347182624067366,0.110792235,13.489476919174194,0.46661049542440036,0.12876631
48,0.4259886956075247,0.10306513,12.459528684616089,0.46707984633042027,0.12211594
49,0.43224647833124397,0.102853455,12.25307822227478,0.4608577413771356,0.120810166
50,0.42959726949029087,0.1094275,11.735637903213501,0.4600219514855557,0.12942679
51,0.42803044155848313,0.10432205,12.90048885345459,0.48209611649863454,0.1182861
52,0.4299131758562164,0.105538696,12.77800989151001,0.4821508049924371,0.12981817
53,0.4331221806927981,0.10320205,12.109313249588013,0.4600270747064288,0.12448153
54,0.42247571199145156,0.09891508,13.133292436599731,0.45445998653348957,0.123894
55,0.42488223009956616,0.10542361,11.673973083496094,0.462130593931298,0.11962248
56,0.41677199358559924,0.102230035,12.05595874786377,0.4699015303437947,0.11866211
57,0.43016649616625957,0.10870387,11.596170425415039,0.45350533489141687,0.11385345
58,0.42202259368991996,0.0995395,12.142192840576172,0.4556902198716922,0.12930283
59,0.42082988946783995,0.098719664,12.207213163375854,0.45831570682052203,0.12434528
60,0.41740919264587006,0.10204767,12.144139051437378,0.46283853014931714,0.11429012
61,0.4245036247901207,0.10352585,11.796084880828857,0.46013386645555415,0.12877695
62,0.41840905891005625,0.09894535,12.297200202941895,0.45749363004249277,0.120514624
63,0.4173046032335238,0.10025359,11.959392070770264,0.45903305941315503,0.12706552
64,0.42821431321343767,0.09699843,12.095753192901611,0.4579000137282731,0.13156064
65,0.42204242035437095,0.09453461,12.249159812927246,0.45577586235257483,0.11595828
66,0.4185760150213572,0.093401276,12.759012460708618,0.4625085600437416,0.11808557
67,0.4252163802283216,0.093935855,11.362694025039673,0.45240463687626936,0.11298379
68,0.4147946010236523,0.098751724,12.035701036453247,0.45621139407360567,0.11397688
69,0.4141190792166034,0.0945666,11.169715642929077,0.45314741975918227,0.114092514
70,0.4124758732547935,0.09308436,12.67482614517212,0.4492862411519777,0.11513874
71,0.418240286040011,0.09438889,12.120819807052612,0.46760664404310043,0.11902603
72,0.4190162096136166,0.09579329,14.438151359558105,0.44939325440906824,0.119889595
73,0.4146416113294444,0.09259664,12.658742427825928,0.4505462377361601,0.11510576
74,0.41088807725350057,0.0945439,15.071291208267212,0.4527274669574581,0.12861475
75,0.4101385222867524,0.09399186,12.794663190841675,0.45132975040832696,0.12527016
76,0.4103339352351294,0.09086111,12.640186309814453,0.44878334816885984,0.12282423
77,0.40597059098325033,0.09266746,16.118021488189697,0.45420320138603765,0.11789069
78,0.40861362317694144,0.09298511,10.995830774307251,0.44906149447389865,0.11647416
79,0.40789032988686685,0.09301561,12.227719068527222,0.4468665633790147,0.111821294
80,0.4082536833507607,0.09208739,13.250394821166992,0.45172777578401874,0.11614911
81,0.4076905991580348,0.09373932,12.984169483184814,0.45445770185563644,0.11546083
82,0.4087195097965857,0.088334695,12.511566162109375,0.4638909223086977,0.118117094
83,0.41181152868974025,0.093697466,12.981276035308838,0.458069869467532,0.11097484
84,0.4053230718635433,0.09184783,11.151183366775513,0.4495290946510526,0.10671972
85,0.4092091627489779,0.09031058,12.05968976020813,0.4523820529621258,0.12424586
86,0.40650307525193435,0.092583425,14.466324090957642,0.4494789599723777,0.11242277
87,0.4057475025135832,0.092232876,12.32222318649292,0.45046493742831584,0.115387544
88,0.40494562537349454,0.08803612,15.035862684249878,0.4677596305126805,0.118927196
89,0.40302715512378234,0.08741794,13.120659589767456,0.4470008982520896,0.11757968
90,0.40115906118058897,0.08797848,11.694234371185303,0.4483207392048082,0.118008904
91,0.40343226578185554,0.08993963,11.509209871292114,0.4496562201204206,0.11159093
92,0.40636946943960517,0.08826853,11.012935400009155,0.44706087306785325,0.12324957
93,0.40520061696264276,0.08892143,11.061598777770996,0.44663528803658703,0.122703776
94,0.40229910438750155,0.085924685,10.783628225326538,0.46673360541944237,0.11970981
95,0.4002812170759557,0.09126688,11.670863389968872,0.4471708099378367,0.117506124
96,0.3978840019615782,0.09025226,11.85986042022705,0.4589337204354671,0.12154981
97,0.4052443746870008,0.086064816,12.093448877334595,0.46664546343065044,0.11414732
98,0.4015800875219558,0.088169605,12.24468207359314,0.4643691861276844,0.11469566
99,0.4053019575258046,0.091593325,12.60345196723938,0.44931171265478564,0.12677741
