epoch,loss,pion_con,train_time,val_loss,val_pion_con
0,0.9409313869342913,0.3890612,14.416266918182373,0.825669961294241,0.2996784
1,0.7946215979004381,0.32439303,14.099830389022827,0.7982149117903334,0.30756184
2,0.7562335020344141,0.29745516,14.060978412628174,0.7342241144553207,0.2955284
3,0.7001478998022878,0.28130573,14.081926107406616,0.6774023937879068,0.27423832
4,0.6530241124480033,0.2731249,13.984856605529785,0.6450975279830743,0.2756728
5,0.6291885143271673,0.2504417,14.548104524612427,0.6403518945941387,0.2619069
6,0.5971804261844493,0.22795832,12.007870197296143,0.5913300816905778,0.2257771
7,0.5850502403353438,0.22098044,10.017137050628662,0.585833534086614,0.21263537
8,0.5743935400157364,0.20852043,9.988845109939575,0.5752155432000691,0.22008698
9,0.5646507305663382,0.20047672,10.027008056640625,0.5917882996528013,0.2075653
10,0.5593696936450536,0.20027623,10.093662023544312,0.551525863564286,0.19865423
11,0.545723489257677,0.18897249,10.093361377716064,0.546067578113229,0.19406685
12,0.5313834883180729,0.18150607,10.083037853240967,0.539702633291797,0.19116195
13,0.5304810631958643,0.17547755,10.08348560333252,0.5349525140200048,0.17980118
14,0.5238033864893302,0.17486277,10.014151573181152,0.535672351840563,0.18747105
15,0.5146200384072034,0.16893052,9.938579797744751,0.5341645671209888,0.17869793
16,0.5161510128314007,0.16854298,10.852364301681519,0.5215739465132736,0.1846223
17,0.5024268002192865,0.1594674,9.947333812713623,0.5248243218759662,0.18701467
18,0.5033251606309368,0.15614858,9.965055465698242,0.5166179913073646,0.17058124
19,0.49905530006838145,0.15078245,9.995378971099854,0.5139961042034509,0.17143108
20,0.4951353430034643,0.16120094,10.105220317840576,0.5100674175154145,0.16168594
21,0.49296858890359874,0.14710234,10.151796579360962,0.506386864300854,0.17046367
22,0.49778225679693205,0.14344172,10.158470153808594,0.5177145660349156,0.15936774
23,0.4855015602792456,0.1506815,10.51719331741333,0.5071436316494389,0.16246828
24,0.4851890507492653,0.14406756,10.195147514343262,0.5059679984357316,0.16494942
25,0.47737246114756365,0.14094691,10.188440799713135,0.5027140916711171,0.16723245
26,0.49527543236137406,0.13709632,10.193606615066528,0.5022662817600916,0.16470835
27,0.4736962960330392,0.13837568,10.921497344970703,0.5019281781802004,0.1645947
28,0.4777927238851191,0.13779455,10.097954988479614,0.4940837458054738,0.1597284
29,0.4733759474604717,0.13714136,10.113823175430298,0.49364357527442954,0.15451953
30,0.47486652264829693,0.13966906,10.107592821121216,0.49473189594631334,0.15251544
31,0.4695629828075261,0.1316523,11.387162446975708,0.48492291586531217,0.15674177
32,0.46444252095907373,0.13820095,10.541598558425903,0.4968963757050925,0.16320139
33,0.4675671909340928,0.13043074,10.127360820770264,0.4922461460010408,0.16449681
34,0.4630969234094762,0.12990566,10.054596900939941,0.4890469543871447,0.1400884
35,0.46092857044057794,0.12330146,10.058112144470215,0.4792629231931563,0.15661837
36,0.4537084603255899,0.12954222,10.06375002861023,0.4826801085220799,0.15858795
37,0.45408457209300057,0.12265604,10.846108675003052,0.47996867681311656,0.14541464
38,0.45116110166455853,0.12397113,9.994521141052246,0.47815590040572686,0.14886059
39,0.44803197389821275,0.1222433,10.080864667892456,0.4837602442804951,0.14046341
40,0.4468265561209729,0.11740005,10.197572946548462,0.4756583215447763,0.1412533
41,0.45063844750758564,0.117515676,10.213782548904419,0.49441825766743386,0.14165898
42,0.4438760116795079,0.11945819,10.253788709640503,0.47608655436595904,0.14098412
43,0.44719968773141633,0.11953195,10.894090414047241,0.4790695279664387,0.12479134
44,0.44446501871692357,0.11552764,10.118167638778687,0.4792773564751154,0.1417465
45,0.44028701142893184,0.11415962,10.211246013641357,0.4791272537901222,0.13892671
46,0.43886278836651776,0.11108296,10.209453105926514,0.4712739941985459,0.14139089
47,0.4385539458886593,0.112157606,10.264620065689087,0.4731109801947118,0.13771367
48,0.43696533341397675,0.11253563,10.945967197418213,0.4702219323068604,0.13558945
49,0.43858627817293133,0.11260205,10.181516647338867,0.4798735714676185,0.1441521
50,0.43109679000519074,0.114104,10.16415786743164,0.46883379027819966,0.12905884
51,0.4347492260892253,0.11458713,10.322823524475098,0.4688262116378037,0.124583125
52,0.4303896826203764,0.11143942,10.141870975494385,0.47206438268702355,0.12842283
53,0.4318270328933281,0.10297673,10.315928936004639,0.5211650208039009,0.13252003
54,0.4314653368603113,0.10230145,10.291659832000732,0.46073636281291713,0.12877534
55,0.4338799313451029,0.1105397,10.063708066940308,0.4698752530088882,0.13461055
56,0.43487231806246296,0.11073552,10.610090970993042,0.4614262719415394,0.12946707
57,0.4293240824475931,0.109401345,10.1111159324646,0.4850453782713928,0.13689613
58,0.4247678728140787,0.10457611,10.07311725616455,0.46988896446866835,0.12735277
59,0.4233042070244513,0.106410645,10.160178661346436,0.4788232050595418,0.12787901
60,0.4330829106199904,0.10623305,10.145276069641113,0.4592029621936723,0.13064122
61,0.418207279472622,0.103738405,10.318695306777954,0.47233408948103206,0.12972184
62,0.42194268734194645,0.103554256,10.222420454025269,0.4619681005026361,0.11754424
63,0.419830612373177,0.101038076,10.323206186294556,0.48721946008511036,0.12893048
64,0.4231847100516715,0.1017265,10.16010570526123,0.46121471188012453,0.13301688
65,0.4267596751228573,0.10548457,10.305079936981201,0.4616938003063688,0.11498209
66,0.4192883925882747,0.10387617,10.457331657409668,0.46414787514361344,0.124421485
67,0.4147267702245552,0.104080744,10.238263607025146,0.4590025058108015,0.12433035
68,0.4151480025922584,0.10222981,10.304887771606445,0.46322336083810695,0.12254772
69,0.41711793245431,0.10156069,10.37968897819519,0.4807918134594158,0.13325053
70,0.41896674186191046,0.10040455,10.365037679672241,0.46709817660499375,0.119389765
71,0.41509139186351046,0.097687684,10.545297622680664,0.4603159030170434,0.13023925
72,0.41297739881412227,0.10062771,10.235878705978394,0.4621486382961111,0.13788866
73,0.412373073147631,0.10053407,10.266318798065186,0.4765667952087938,0.12167847
74,0.4212424476082173,0.09862354,10.740981817245483,0.4607851364546915,0.121033356
75,0.41535151444724516,0.094872184,10.21407961845398,0.4722898672041298,0.12406219
76,0.4117111292560226,0.09599296,10.233692169189453,0.45791717823246475,0.115937866
77,0.4088101456760121,0.09969924,10.208252191543579,0.4837101639938452,0.12705456
78,0.41032887285113906,0.097428575,10.252121925354004,0.46683763273311124,0.13051167
79,0.40600353583897025,0.09892998,10.237031698226929,0.47663510892513616,0.13491768
80,0.4087488523950914,0.09810334,10.322805881500244,0.45406803595334727,0.11246777
81,0.40629852873681344,0.09315671,10.410081386566162,0.4550522546790887,0.11608134
82,0.4064304944231948,0.093185745,10.318996667861938,0.4614243842030577,0.1215404
83,0.4096630807713472,0.096151344,10.490869283676147,0.4498918625295912,0.116164185
84,0.4026765640685998,0.09322824,10.358280897140503,0.4551096162557683,0.12103195
85,0.4036773074617269,0.094540566,10.329311609268188,0.4605382673009161,0.110613674
86,0.4019170650463853,0.093308344,10.316871404647827,0.44977026839557854,0.11674817
87,0.40087517424084723,0.09670167,10.35339903831482,0.460891606535323,0.11830533
88,0.40349507980978405,0.09527103,10.428272485733032,0.45558802429732315,0.11883525
89,0.4023142238715079,0.09545935,10.670628070831299,0.45572911786895265,0.12002104
90,0.3987812042034832,0.09362605,10.443942785263062,0.45966732203859084,0.12201891
91,0.39926547558693365,0.09393776,10.326974630355835,0.4649812626538736,0.12048983
92,0.39802552367222044,0.09671178,10.391202688217163,0.4547679582508759,0.12630919
93,0.40010335315311657,0.09013896,10.55275297164917,0.4518196726526301,0.10910573
94,0.3955956526742325,0.08775784,10.344274282455444,0.4547473161510771,0.11529241
95,0.3957155467073296,0.08764942,10.243388891220093,0.459954301533104,0.1182901
96,0.39741352387934276,0.08834833,10.215339422225952,0.4570646302244445,0.11701613
97,0.39772134730028014,0.091294445,10.260719537734985,0.46038822113190814,0.11569572
98,0.3965001950507903,0.089521825,10.55873990058899,0.45551068677824397,0.11467816
99,0.3969977300958848,0.09071936,10.233787775039673,0.45243448472193254,0.108963974
