epoch,loss,pion_con,train_time,val_loss,val_pion_con
0,0.9851794799046154,0.43017456,10.996183633804321,0.848179071568097,0.31944165
1,0.7868007299727324,0.3006972,10.075114965438843,0.727746315932282,0.29428667
2,0.6631341937474361,0.27265275,10.218130350112915,0.6326256624860287,0.26201066
3,0.6126462504062433,0.24132988,10.169879913330078,0.5947369499013603,0.24555047
4,0.5918274312642272,0.23241287,10.205226421356201,0.5827163918129403,0.22773165
5,0.5783495701843236,0.2321018,10.355709791183472,0.5770541566847458,0.22923908
6,0.5794029168454436,0.2216152,10.12539792060852,0.5723711750735153,0.22578406
7,0.5622878859815106,0.2033891,10.56363821029663,0.5658857928778355,0.21252547
8,0.5558918333730338,0.20679934,10.107229232788086,0.565660705366981,0.21536797
9,0.5526206601016,0.19846115,10.134921312332153,0.5591509852430441,0.21012707
10,0.5546168848032328,0.20003408,10.275532722473145,0.5680917155130588,0.20432633
11,0.535454272743876,0.18246116,10.18853235244751,0.5700605712468751,0.19574767
12,0.537426807780302,0.19030015,10.447574853897095,0.5477163891814996,0.19776992
13,0.5382682442432337,0.18923481,10.354021787643433,0.5444408987258332,0.20015472
14,0.5319227772332394,0.18558364,10.167793035507202,0.5391943182863373,0.20019421
15,0.5265867570976962,0.18007383,10.192760229110718,0.5416291460744461,0.19018383
16,0.5229239060281167,0.17227326,10.21800184249878,0.5317745780750263,0.19239116
17,0.520621497085968,0.16920619,10.522782325744629,0.5311256596402464,0.19734068
18,0.5210489569248623,0.17308879,10.356256484985352,0.5256115306846466,0.17501546
19,0.5120072993660392,0.1675185,10.216994524002075,0.5294251699708669,0.18014699
20,0.5074563127570024,0.1745466,10.303158283233643,0.5266136413526875,0.20299031
21,0.5131546684592793,0.16685635,10.454580068588257,0.536306126970533,0.18218881
22,0.5049615166322127,0.16163501,10.323332786560059,0.5264761880764707,0.18404071
23,0.5063573191436485,0.16529517,10.154760122299194,0.5279183071878077,0.18072428
24,0.5068817828321389,0.1598003,10.637645959854126,0.5256312667046709,0.19165923
25,0.5018030579593489,0.15430877,10.237242460250854,0.5205387439828306,0.17836684
26,0.49474466856985866,0.15819247,10.107551336288452,0.5201181741929792,0.18250532
27,0.5008845527283583,0.15944222,10.479764223098755,0.514478309824936,0.19335428
28,0.4948355992086188,0.15620196,10.183332681655884,0.5181198240501951,0.17779969
29,0.49215472959362255,0.151479,10.130177974700928,0.5103284679031502,0.17489076
30,0.4922041777967283,0.15346701,10.155438899993896,0.5160678200314783,0.17249149
31,0.48751154785559614,0.14610815,10.387584447860718,0.5085549023474856,0.16508858
32,0.48699151065878515,0.14791706,10.060759782791138,0.5194154465413345,0.19753525
33,0.4885695381668152,0.15097074,10.662973403930664,0.5155500360144842,0.18768652
34,0.48002266537369365,0.14050494,10.10254168510437,0.5115527139720119,0.17585096
35,0.4810108447345405,0.14653112,10.247914791107178,0.5081573966266103,0.16553237
36,0.4835769766497456,0.14087678,10.18833303451538,0.5107166638892348,0.16196342
37,0.48025045650635445,0.14264949,10.215313911437988,0.5066170762769627,0.15966421
38,0.4732240734521677,0.14352892,10.547839403152466,0.502465593782423,0.15327767
39,0.47372152100161335,0.14373837,10.328600883483887,0.5076443371927605,0.164579
40,0.47769548197303613,0.13860367,10.256994247436523,0.5021455840811524,0.16847141
41,0.47099625922326815,0.13793129,10.352394819259644,0.5033803595000081,0.1602744
42,0.4706987212519086,0.13731343,10.501129627227783,0.5050964593421193,0.15743533
43,0.46530900435715333,0.13474187,10.270933628082275,0.5132353545572838,0.16858357
44,0.47333565034906355,0.13461071,10.189943075180054,0.5062447648618303,0.15739156
45,0.46407671629686564,0.13889457,10.42256236076355,0.49951456251779974,0.16364022
46,0.4629688310835319,0.13421255,10.14010500907898,0.5136818802040558,0.1517365
47,0.4709588462698094,0.14682719,10.659002780914307,0.49946642721319473,0.1547517
48,0.46315686620415936,0.13460079,10.197069883346558,0.4979295051855848,0.16083868
49,0.46056331423872315,0.13492641,10.146551847457886,0.5269211911376906,0.15414615
50,0.4602176989178186,0.124924265,10.235870122909546,0.5191652653858557,0.16373338
51,0.4505210220553196,0.12511444,10.201281070709229,0.5049804859605626,0.15801112
52,0.458289065972529,0.12925254,10.461520195007324,0.509664575091352,0.15440644
53,0.45874466520811086,0.12582865,10.248983144760132,0.49553348992966095,0.15345936
54,0.45631168984525633,0.12899548,10.183532953262329,0.5031643045268793,0.17697544
55,0.45575416285315706,0.1306711,10.181649684906006,0.496495743026461,0.15922618
56,0.45600689012819345,0.123693295,10.456340312957764,0.5091437637583004,0.14600107
57,0.4525956105575403,0.12811452,10.312613248825073,0.49456120813350946,0.1462778
58,0.4515734826892435,0.12287815,10.201771974563599,0.49621488532214214,0.15503168
59,0.4473021709155375,0.12484385,10.175783634185791,0.5016931324984418,0.14642587
60,0.451916290871785,0.12574726,10.288129091262817,0.5021796728246515,0.15639547
61,0.4494821793879589,0.12058719,10.512419700622559,0.49950822600496336,0.15420978
62,0.44652795300044856,0.120968096,10.48776888847351,0.49383361525415603,0.14214608
63,0.44732550598747706,0.12326636,10.253336429595947,0.5083134102805137,0.1585494
64,0.44802371384332235,0.12438023,10.31419563293457,0.5018310996797855,0.16203362
65,0.44982809287510334,0.12515734,10.376359939575195,0.5273958097100866,0.1583404
66,0.4491055585254781,0.12068697,10.371719121932983,0.5253057850375948,0.1579793
67,0.4464704551658053,0.12313044,10.367282152175903,0.48999949241527607,0.14538151
68,0.4388931161705919,0.12674892,10.633881330490112,0.4963821345346795,0.14833352
69,0.4417814306357652,0.116039135,10.452088594436646,0.49432288130624324,0.16538152
70,0.44066828303961875,0.11663236,10.397258281707764,0.49708119412134877,0.15043244
71,0.4405911092700648,0.11283254,10.64768362045288,0.49620735647726205,0.1567109
72,0.4415843276083452,0.11689484,10.496775150299072,0.49540474405908047,0.15088898
73,0.43860575576151967,0.1073793,10.402265548706055,0.49059291850422077,0.15400471
74,0.4366750538480008,0.11076164,10.32760739326477,0.49415467630961607,0.14458847
75,0.4384433132768226,0.115843214,10.35552453994751,0.49948627102824955,0.13768767
76,0.4371092671203524,0.11605919,10.617492198944092,0.5019363915543296,0.15263797
77,0.43572617325058133,0.110557415,10.363914489746094,0.49792936102787033,0.15050976
78,0.43240866412837786,0.12096949,10.63184642791748,0.49881471800017785,0.15186009
79,0.4361644759960939,0.11319191,10.208331108093262,0.5113532394930765,0.14154963
80,0.43140467260172505,0.11461277,10.211474895477295,0.4902237523882943,0.14655644
81,0.43353279653769944,0.110138476,10.45732069015503,0.49909495062586484,0.15280554
82,0.4323226040562242,0.110344164,10.290159463882446,0.4871442237219734,0.16637632
83,0.43114149447019745,0.11087393,10.210549116134644,0.487661834307894,0.16613604
84,0.4349436333205367,0.11311804,10.312168598175049,0.4857332311167842,0.13781185
85,0.43167719978970376,0.108618006,10.475916147232056,0.4879883244020604,0.14228778
86,0.4284240433263778,0.106228136,10.329606533050537,0.498797031038272,0.14531207
87,0.4311810938930899,0.10819005,10.208569526672363,0.49746051017462256,0.15656877
88,0.4289113880871351,0.10603033,10.393898010253906,0.4860125988934649,0.16764775
89,0.427119709349983,0.10468565,10.279547929763794,0.48594507318660135,0.14547445
90,0.4290945295131041,0.10397707,10.189810514450073,0.5031173439303128,0.14495608
91,0.42590157638303267,0.11151023,10.309446811676025,0.4862483742811857,0.14326955
92,0.4248112858943313,0.10563343,10.515366077423096,0.4903274927423828,0.14665614
93,0.4250746051374323,0.1038828,10.34739065170288,0.4875596427767506,0.13825314
94,0.4258806647197304,0.10569225,10.243735313415527,0.500705366153289,0.14450933
95,0.4255592551587778,0.10788135,10.525672674179077,0.48733693173611825,0.14901415
96,0.42477729966078087,0.1096037,10.35840106010437,0.4913136004631473,0.15206137
97,0.4203312018960503,0.10327333,10.189963579177856,0.489061961130235,0.14221472
98,0.4240338680704613,0.10500417,10.653921842575073,0.4970403437689833,0.14156005
99,0.4209359430305162,0.10071522,10.477304697036743,0.485987108639818,0.1391798
