epoch,loss,pion_con,train_time,val_loss,val_pion_con
0,0.939276555909931,0.34039766,10.845036268234253,0.8293050392595775,0.30625477
1,0.7720599679629508,0.29956388,10.291458368301392,0.7248639904370482,0.27999
2,0.67030972769372,0.2833904,10.181873559951782,0.6287027332743023,0.25022486
3,0.6306216443299029,0.2635766,10.056354761123657,0.615308431965362,0.23022656
4,0.60867396292633,0.24385679,10.087462425231934,0.6008061457231555,0.20684102
5,0.5919253368860906,0.22694749,10.307128190994263,0.5799574293031534,0.22231683
6,0.5705151261468262,0.21487638,10.08772325515747,0.5710354804465739,0.1936438
7,0.5620911513255255,0.21372737,10.47555422782898,0.5623438778356483,0.19658597
8,0.5486340902690573,0.20407537,10.079605340957642,0.5433234539456775,0.18570423
9,0.5463555875205699,0.20266299,10.081922769546509,0.5452025288264389,0.19986878
10,0.5361885759843491,0.19690716,10.048193216323853,0.5423502755485315,0.18178865
11,0.5311039387704989,0.17904632,10.09184455871582,0.536877983640303,0.17864926
12,0.5225410092490967,0.17172742,10.315190553665161,0.5280209986176956,0.17837878
13,0.5272513477497623,0.17403881,10.127820491790771,0.561037308283705,0.17530636
14,0.530712026002369,0.17356178,10.06696367263794,0.5323314206448594,0.17453617
15,0.5206736709095072,0.17173077,10.076723575592041,0.5202686794960998,0.17281632
16,0.5104168972853762,0.1598534,10.29370903968811,0.5177458628469971,0.17076278
17,0.5091248917922657,0.1642739,10.154239654541016,0.5237146556620612,0.15603526
18,0.5033547845006936,0.15780564,10.051419496536255,0.5279933599581,0.16994268
19,0.4997899238330604,0.15985996,10.110095500946045,0.5086605511324538,0.15332292
20,0.4962949110405475,0.16138023,10.31717324256897,0.5178097669383532,0.18497811
21,0.48922982334127163,0.15173243,10.153861999511719,0.5135553717532153,0.16812755
22,0.4945068523872286,0.1526579,10.031150579452515,0.5078724816639137,0.16060883
23,0.4873446040326651,0.15323944,10.051915407180786,0.5124110745232513,0.16164498
24,0.48596006560053717,0.1466471,10.334664583206177,0.5094365775828376,0.15731837
25,0.48642411095706806,0.1376638,10.15687370300293,0.5146681746752316,0.17988543
26,0.4770623038801313,0.14103223,10.176751136779785,0.5173261093306971,0.15672794
27,0.4823158867585532,0.14286065,10.182551145553589,0.4974601985888593,0.15825558
28,0.47647103587702977,0.13704264,10.194786548614502,0.5210441736836937,0.15427463
29,0.4776244346706764,0.14175344,10.17064881324768,0.5076382861174681,0.15302983
30,0.47229400572260133,0.13276152,10.030414819717407,0.49747363054926647,0.15744367
31,0.46800869725411104,0.13314068,10.332086563110352,0.49390328554262397,0.15703802
32,0.4622038928222097,0.13245581,10.182721614837646,0.4891529847147999,0.14453433
33,0.4601878820871293,0.1267638,10.036806106567383,0.49589793096793344,0.14360206
34,0.4624121981721055,0.12596866,10.06094479560852,0.4930445517864571,0.14424676
35,0.458056876881317,0.12440947,10.313607454299927,0.4870697916992989,0.15110935
36,0.45748640272069874,0.124345735,10.024771451950073,0.49211873806726764,0.13603467
37,0.45539103932705477,0.12669735,10.492549419403076,0.49511197835804854,0.1487252
38,0.45836757435818287,0.12729776,10.023511409759521,0.47836274900066733,0.14573248
39,0.451117913641027,0.12617582,10.068751573562622,0.4834604980871816,0.13681799
40,0.45719884631030244,0.12547791,10.090134143829346,0.491349456538071,0.13995041
41,0.4524047856086899,0.12214389,10.077017307281494,0.4856372374391442,0.13482478
42,0.45022154654506685,0.11544829,10.333764553070068,0.4765813611997548,0.1376465
43,0.44531767040966475,0.12410935,10.179866790771484,0.47752778310226124,0.13723485
44,0.4470822295591868,0.11882188,10.021322965621948,0.4756010502607228,0.13502888
45,0.44684680598697113,0.11730539,10.080101728439331,0.47207956029338444,0.12970595
46,0.4477088047154118,0.112700835,10.335471868515015,0.4794978955820765,0.13590309
47,0.4402507120091897,0.110593826,10.155152797698975,0.4774757604216362,0.13258837
48,0.4465036091843692,0.11537358,10.044777393341064,0.4704224660703821,0.1308461
49,0.43515004288177267,0.114482395,10.3473060131073,0.4708805047484816,0.13211577
50,0.44082937037066316,0.11668993,10.134119749069214,0.4714211286816699,0.13837093
51,0.4359637219789217,0.10696077,10.08782958984375,0.467730251893994,0.13531962
52,0.4320670765052739,0.10288668,10.267991781234741,0.4971812692437598,0.13456589
53,0.4371870643624116,0.11227308,10.131179332733154,0.46608575956426646,0.123968266
54,0.43199570524748354,0.11023537,10.074261665344238,0.47762403794187785,0.13100173
55,0.4279338299738275,0.10373168,10.398253440856934,0.4631482822722377,0.12816052
56,0.430916393631874,0.111801885,10.139880418777466,0.4798410331704348,0.1298448
57,0.4290330037206839,0.10738403,10.037100076675415,0.4634216525347125,0.124678634
58,0.44065326573674046,0.10779586,10.182636976242065,0.48691097305405506,0.120916255
59,0.4292818083405247,0.10033865,10.32361102104187,0.4639070872504952,0.114683814
60,0.4228660158174784,0.1012137,10.178032159805298,0.472652279811828,0.12671714
61,0.4257053237272549,0.10090681,10.045665979385376,0.45626183111665203,0.12529546
62,0.42311542501666555,0.104402125,10.163301706314087,0.4623388022782242,0.12120084
63,0.42047845803881395,0.09930868,10.321832656860352,0.48245900517537943,0.13098018
64,0.424549711758987,0.10312315,10.179274320602417,0.45977759117254874,0.1284868
65,0.42316152382806255,0.09897127,10.052730798721313,0.46282543932163406,0.13063315
66,0.41608397444323175,0.09507472,10.145897150039673,0.46444330427242114,0.1213875
67,0.41561200236376006,0.10046643,10.087887525558472,0.4567601414733661,0.12014428
68,0.4210409654575037,0.0961476,10.138268947601318,0.47378141507329036,0.12455085
69,0.419741347913585,0.09846596,10.0913245677948,0.46186917580864295,0.12128488
70,0.41558096740722045,0.098787345,10.065606117248535,0.4517218305013975,0.12683855
71,0.41235062693454533,0.097174026,10.095650434494019,0.464914161732958,0.12588798
72,0.4128922973222529,0.09675458,10.325480699539185,0.4675676314958866,0.122145504
73,0.4115529690195563,0.09906216,10.191487550735474,0.45499995814339317,0.11741141
74,0.41392443574321863,0.09518179,10.26839566230774,0.4626330424838632,0.13026802
75,0.4152901572659903,0.09592611,10.143182277679443,0.459481533373833,0.1109824
76,0.4080038024763066,0.095126696,10.318475008010864,0.4563253281696927,0.12591077
77,0.4120109121764404,0.09596481,10.139417886734009,0.4558643235960853,0.11432225
78,0.41090537522005016,0.09614832,10.343335151672363,0.45638035614650213,0.118508354
79,0.40957729010185834,0.09152489,10.200897693634033,0.44734321675791866,0.12687741
80,0.40733691546587203,0.096173145,10.084643125534058,0.46293160427350327,0.12335818
81,0.40540850565382597,0.08866421,10.34900450706482,0.46657232935231624,0.1165537
82,0.4068871387857093,0.09182423,10.126081705093384,0.4594934943763223,0.117633075
83,0.4071131482581702,0.09161594,10.11172080039978,0.4592026709821183,0.11391074
84,0.4096638510772216,0.093795635,10.132423639297485,0.4548015277023341,0.12548274
85,0.40537212573405695,0.092960246,10.383787870407104,0.4523614475290129,0.113724835
86,0.40224774178050277,0.09379432,10.220564603805542,0.4534896506698956,0.125223
87,0.4021415245734254,0.095621035,10.348782539367676,0.4556898273910158,0.11980717
88,0.4043518098569204,0.09336482,10.217549324035645,0.4576212077390495,0.13011624
89,0.40746943099934024,0.09098072,10.190906763076782,0.4474471900828717,0.11552963
90,0.39927782901520936,0.08738455,10.161765575408936,0.4502819785898294,0.11462407
91,0.40030707969240487,0.0914021,10.405027389526367,0.46778052453482405,0.1221051
92,0.40877276278137803,0.088674806,10.168205738067627,0.4553045040589942,0.11170869
93,0.395627286839783,0.0901494,10.129425048828125,0.45200660530704495,0.11866093
94,0.39715052145419255,0.08642181,10.398434162139893,0.4539476544019601,0.12529404
95,0.3983296750279508,0.08759407,10.167251348495483,0.44838974114706304,0.12532766
96,0.39961474499993627,0.085004665,10.139826536178589,0.46189934088234513,0.115314394
97,0.3972811374556888,0.085647,10.237176418304443,0.4561345011674803,0.12508589
98,0.3978504476413883,0.086260185,10.337931632995605,0.44319127324242774,0.12781367
99,0.39375935405876666,0.08859127,10.181061744689941,0.4476363374399758,0.12537093
