epoch,loss,pion_con,train_time,val_loss,val_pion_con
0,0.9603444912294152,0.39665908,10.891019821166992,0.848185200303722,0.31820592
1,0.7952666704394509,0.3006348,10.46734094619751,0.780007206092518,0.2892683
2,0.7246319660242556,0.30299038,10.437678813934326,0.6988481438107249,0.29165056
3,0.6654557558687971,0.27938768,10.610030174255371,0.6591451037825876,0.2761034
4,0.6443210338627195,0.26577482,10.459689617156982,0.6563053586295736,0.25761858
5,0.61799339049229,0.25052696,10.384037971496582,0.6253095492016333,0.24175915
6,0.6120332220924948,0.24116173,11.090400218963623,0.6202029793735103,0.24206708
7,0.5928889816394831,0.23209162,10.503576755523682,0.5974671019943585,0.22365874
8,0.589818789398424,0.20938347,10.529924631118774,0.5967368208644586,0.23329672
9,0.5727330597979149,0.21224678,10.4065842628479,0.5784347335929897,0.21031977
10,0.5671778884042598,0.20529473,10.598209381103516,0.5779761639633619,0.20469713
11,0.5702382399174242,0.20886414,10.589526653289795,0.5663764418205085,0.2103068
12,0.5492590563285831,0.192532,11.009455680847168,0.5618360191938302,0.19655201
13,0.547694771495861,0.18754333,10.462543249130249,0.5545686225508476,0.19861275
14,0.5386108415490559,0.18818747,10.52817702293396,0.5639222934593842,0.19724089
15,0.5350809511098276,0.1810154,10.581170797348022,0.5533797571870673,0.19369473
16,0.5338081609835464,0.17979315,12.138562202453613,0.5633160804332175,0.18752119
17,0.5274379715774788,0.179973,10.733787536621094,0.5368364361689554,0.17314504
18,0.5329542553889666,0.16899025,10.296066761016846,0.5600977952283323,0.17791978
19,0.517996050807243,0.1730101,10.451054096221924,0.5325947134075664,0.17596751
20,0.5124181781732557,0.16381639,10.201247215270996,0.5352365637628127,0.17523952
21,0.5136520194596458,0.17281248,10.133986711502075,0.5388418312868833,0.17430447
22,0.5025907821582873,0.16057184,10.174653768539429,0.5236053137988389,0.17206137
23,0.5056394218347013,0.15436,10.769125699996948,0.553461097390098,0.16912502
24,0.508925150677118,0.16168411,12.302746057510376,0.53677310863347,0.1643024
25,0.49852388148444815,0.15998912,10.401939392089844,0.5159681364068042,0.16641308
26,0.4956349296591688,0.1532455,10.071309566497803,0.5190428030324687,0.17059499
27,0.4927459613841608,0.15472,10.010891914367676,0.5336385894413507,0.17208338
28,0.49192005089476176,0.14669922,9.950432062149048,0.5155442647000066,0.1663005
29,0.49204548761613076,0.14760514,9.937244653701782,0.5133948734162495,0.16427964
30,0.4882439087096882,0.1507563,9.904516458511353,0.5069723421316981,0.15511829
31,0.4883069477983909,0.14583059,9.923932552337646,0.5130306988437741,0.15801254
32,0.48536230073226494,0.14189044,10.074716806411743,0.5099647637696058,0.16170675
33,0.4803414006204589,0.14525045,9.979329586029053,0.5089864159574804,0.15636702
34,0.4774859367113876,0.13636123,9.971825361251831,0.5110156560827785,0.15368755
35,0.47691844031641734,0.1421788,9.939093351364136,0.5126777933755321,0.16505566
36,0.47656268670586677,0.13935028,11.766556978225708,0.5038793082790122,0.16226317
37,0.47344636162024817,0.13594608,10.350549459457397,0.505547642586224,0.16273203
38,0.4701828776542878,0.13961133,10.221429109573364,0.5131286030924673,0.15753435
39,0.47148114928153106,0.13974005,10.082552671432495,0.5128991279744729,0.15620191
40,0.46948607256077096,0.13211703,10.226386785507202,0.4986774399020322,0.15459105
41,0.46853467858726344,0.13913238,10.196637630462646,0.5075291461338197,0.17256911
42,0.46564886693468466,0.13473627,10.120119094848633,0.500999290717779,0.15588516
43,0.46688837290657853,0.13818276,10.337499618530273,0.501585318447578,0.16531135
44,0.46421553422798306,0.13381706,10.461000919342041,0.4970725566888496,0.15233657
45,0.46102207334904416,0.12599938,10.653061866760254,0.5011023226784671,0.15218268
46,0.4615205392113806,0.13044038,11.084014415740967,0.5118363746693653,0.15603802
47,0.4632117118249211,0.12929474,10.11600923538208,0.5079821654644519,0.15485437
48,0.459286517093473,0.126397,10.11767315864563,0.5058838784086668,0.15091543
49,0.4580282708149205,0.12333477,10.049768686294556,0.5021682011720398,0.16393279
50,0.46044317142852376,0.1277981,10.121390104293823,0.5104659472708393,0.16510154
51,0.45716355838182215,0.12630263,10.179495811462402,0.4955555263971318,0.1540617
52,0.4568551076735595,0.13210586,10.130462169647217,0.49645062704266274,0.14658181
53,0.4588513535091272,0.119713895,10.075583696365356,0.5136020856745103,0.14873192
54,0.4572180532322429,0.12617245,10.170944213867188,0.49124350423352403,0.1570684
55,0.45321904858666734,0.13213472,10.06129503250122,0.5144564608597747,0.14537808
56,0.4484340485264058,0.12041621,10.060504674911499,0.5020293400851856,0.142126
57,0.4531433173349791,0.12142644,10.311087846755981,0.49151526784783356,0.14240953
58,0.448497347674258,0.119831085,10.104906797409058,0.4952266239990227,0.1405797
59,0.44944552633205626,0.12193398,10.1683828830719,0.4962356161236236,0.15593213
60,0.4478952140053167,0.121639006,10.117939710617065,0.48840864600473743,0.14484869
61,0.44688485848630594,0.11738217,10.117662191390991,0.5297416581219048,0.14610149
62,0.4492123647567467,0.113774784,10.172593355178833,0.49157909630148316,0.14536235
63,0.4413929471461973,0.11663984,10.218550205230713,0.49009523448065323,0.14364834
64,0.44416632243511883,0.11473741,10.638253688812256,0.48809066258981415,0.14817259
65,0.43927417403960856,0.114369676,10.531056880950928,0.49433595570768885,0.1504191
66,0.44272031976474857,0.11778456,10.549752235412598,0.4893552323581004,0.13961028
67,0.4392944356989215,0.11739749,12.164066791534424,0.5147039274462467,0.1517635
68,0.4445636673946234,0.11805175,10.54680871963501,0.48924000694288844,0.14039144
69,0.4369519782701869,0.11606286,11.513073444366455,0.4898005315982659,0.13907048
70,0.4396058894435178,0.11377798,11.951302528381348,0.4844870119425603,0.15868814
71,0.4364328580736565,0.11038664,11.139366626739502,0.4873797585995819,0.14619927
72,0.44643808631287757,0.1187787,10.682118892669678,0.4930185824359043,0.14783385
73,0.43517019000094814,0.11550485,11.1508047580719,0.4906831091924088,0.13517973
74,0.4329753530489618,0.106704265,14.176976442337036,0.48752065390318033,0.14479402
75,0.43284778569864746,0.10997973,13.81471037864685,0.4880581415619667,0.13576275
76,0.4316010739911891,0.114631385,13.62820816040039,0.4875569959555869,0.15447943
77,0.4323672751272976,0.109460466,13.902788639068604,0.48705123181409554,0.13699907
78,0.43200437899654553,0.11345635,13.799566507339478,0.49645407805026126,0.14416675
79,0.4335115899234105,0.109211564,14.178556203842163,0.49043682906871666,0.13305803
80,0.4328181714462786,0.11546585,14.01227855682373,0.4866127195811442,0.14245994
81,0.43783632635025715,0.10969312,13.706352710723877,0.48402645114894144,0.13857879
82,0.4345710117616911,0.11004669,13.977850675582886,0.4844362434847182,0.14248408
83,0.44204915666040095,0.10638159,13.954413890838623,0.482839866373175,0.14147249
84,0.4341698146706425,0.10996469,14.295594692230225,0.4844168912752353,0.14470842
85,0.42920157059334335,0.10851193,13.78973937034607,0.49228695057274247,0.13275048
86,0.4278616377744126,0.108478814,13.713692426681519,0.4853585282198145,0.14376608
87,0.4249734174507869,0.10572059,13.877532958984375,0.48523425976462364,0.14272875
88,0.42676746488863526,0.10125647,13.858938217163086,0.5126532896851569,0.13867337
89,0.42221996551435836,0.10735955,13.597204208374023,0.4806936766046604,0.13003749
90,0.4312882711424567,0.10612096,14.042718887329102,0.4867849771727595,0.14805938
91,0.42309223991576067,0.10328377,13.827998399734497,0.48167087288788085,0.14314182
92,0.42276484770085676,0.09972364,14.125069618225098,0.48478135590000404,0.12953962
93,0.4271385064061787,0.10666371,13.611963987350464,0.4799779227703293,0.14467324
94,0.421469207003017,0.10244916,13.982269525527954,0.48527921739989743,0.13997644
95,0.4235986561536747,0.11119574,13.853050231933594,0.48075543414650623,0.1289747
96,0.42163216722222097,0.105753615,13.682453632354736,0.49508394885128026,0.134499
97,0.4209118681301526,0.10218495,13.790581464767456,0.48525635362765857,0.14489584
98,0.4207108815186821,0.106018245,13.494645833969116,0.4878995608570056,0.14276758
99,0.4271915689481613,0.10817051,13.783856630325317,0.48847965260664244,0.13115568
