epoch,loss,pion_con,train_time,val_loss,val_pion_con
0,0.8672228947309919,0.33029908,10.374448299407959,0.7452546986257572,0.2778619
1,0.6797477715947065,0.26345643,10.80812406539917,0.6346478019754564,0.24760489
2,0.6072402440348921,0.23314574,11.402653932571411,0.6119195560337288,0.22774684
3,0.5704452906446116,0.20445746,9.71506929397583,0.6062762896935983,0.21930887
4,0.5487776050742071,0.18589105,9.863923072814941,0.5701565294596501,0.2056337
5,0.5287211833340457,0.18068074,9.986751794815063,0.5530203178053767,0.1866778
6,0.5185269132322805,0.16919926,10.355077981948853,0.5534615191704803,0.17847647
7,0.5090501948573577,0.16041937,9.804982423782349,0.5200684567245242,0.17774516
8,0.5024840453001737,0.15508175,9.850622177124023,0.5138188935692154,0.17790829
9,0.49082188883516276,0.15076283,9.859120607376099,0.508886462529068,0.16848958
10,0.4853599070118847,0.14784178,10.291316747665405,0.5100913809518026,0.17720911
11,0.4733721399609032,0.13741677,10.252834558486938,0.49793568787749876,0.16701475
12,0.4676644615373743,0.13194947,10.240614175796509,0.49303128318452627,0.15839794
13,0.4657403116323841,0.12736,10.12044620513916,0.504682611871925,0.15840258
14,0.46584195996527744,0.12841634,10.012892007827759,0.489419311878836,0.16044053
15,0.4543952127236344,0.1328854,9.958181858062744,0.48173887610881355,0.15110156
16,0.4596999203086916,0.12543081,9.904995918273926,0.4902942840783866,0.15748635
17,0.4458287140922923,0.121536374,9.41558051109314,0.4876478300962834,0.13937928
18,0.4413217901413447,0.11490037,9.511820554733276,0.47731246367598507,0.14055347
19,0.44248054288506466,0.11693248,9.366477966308594,0.48183188625883383,0.14058122
20,0.4370069581394937,0.119501635,9.78118634223938,0.48389343443633503,0.15391518
21,0.4340032366882851,0.11108985,10.78719186782837,0.4782372094323464,0.13121308
22,0.43716804243998975,0.11044143,10.325968742370605,0.47784595662377716,0.13001856
23,0.43185708845120985,0.1083663,10.077728509902954,0.47180889969737866,0.13772628
24,0.4300679820086614,0.106946126,10.32424545288086,0.4822770575972813,0.1398512
25,0.4248918722090028,0.10983918,9.877790212631226,0.4774416698379121,0.15069933
26,0.427891741511876,0.10973764,10.643736600875854,0.4782331247307013,0.14876013
27,0.4230768084086013,0.10583177,10.133620023727417,0.4768351879139329,0.13268802
28,0.4248965315016878,0.10725421,9.989853143692017,0.4732810607515035,0.14661986
29,0.4254856516705049,0.10387429,9.732850313186646,0.4714367557629887,0.13600682
30,0.4259319156353304,0.10598701,9.905551433563232,0.48636584199232863,0.13775986
31,0.4143030223835828,0.10418287,9.463618993759155,0.4767169653680283,0.14868383
32,0.4147505045240536,0.099143624,9.447832345962524,0.47650788673856803,0.13901842
33,0.41578321219074243,0.09992822,9.474829912185669,0.46787383936368376,0.1369691
34,0.4184886051490951,0.10081016,9.560072660446167,0.4771026155649501,0.13588077
35,0.41007941670856074,0.100888535,9.505152225494385,0.47188122697688817,0.14390025
36,0.4103880687302923,0.10004322,9.460479259490967,0.4912924342072768,0.12938513
37,0.40718729279602284,0.09973073,9.6321382522583,0.4682886058884549,0.12942417
38,0.4074368448843499,0.093787365,9.487984418869019,0.4895888345779022,0.14130285
39,0.40995485033648216,0.097159564,10.694125652313232,0.47328591738295206,0.12745453
40,0.40507641851558074,0.096376665,10.652241468429565,0.4826228324388493,0.12690653
41,0.4059549903125483,0.09677219,12.861548662185669,0.4710548660618154,0.13620412
42,0.3994385332968669,0.09794289,11.19948434829712,0.4778267986269396,0.12560679
43,0.4017275280244299,0.09528104,9.702608585357666,0.47427882496413226,0.14111802
44,0.3980337544985893,0.09459254,9.694029569625854,0.47176318603565565,0.13348168
45,0.4030633730169095,0.09380925,10.103032350540161,0.46892864961723046,0.12918827
46,0.3996550453717605,0.091396965,11.44040560722351,0.47426381372992016,0.12833521
47,0.4036655936731272,0.092489146,10.996814727783203,0.49232393785910883,0.13981545
48,0.3960586177699666,0.0890882,10.663616418838501,0.4749962107254023,0.13884841
49,0.39603031251357834,0.09081675,10.068910360336304,0.48902296051205685,0.1435336
50,0.3963289703640461,0.08956054,9.610997200012207,0.48483035009315084,0.12552594
51,0.4032843081354666,0.09120817,9.460851907730103,0.46456263056623415,0.13258575
52,0.38914332278823377,0.08711251,10.298770189285278,0.48118681915963196,0.13781846
53,0.3945327515880825,0.08804526,9.749785423278809,0.49447621733345415,0.13249657
54,0.3931401371226317,0.09343591,9.213512182235718,0.48355767659409765,0.13436885
55,0.3914525381075315,0.088192366,9.517838954925537,0.4770572385772561,0.1318905
56,0.3906301729167863,0.09216375,10.051768779754639,0.49094312334295764,0.12658232
57,0.3916990899506519,0.08792396,9.993048429489136,0.48168032893271967,0.13250585
58,0.3885910140240774,0.08622653,11.79903793334961,0.48018220250033394,0.14107244
59,0.3904271388074275,0.08490888,9.50851845741272,0.47635914760153136,0.14586483
60,0.3870962701293634,0.086099826,9.605199575424194,0.4942621951969008,0.13498272
61,0.3878896772329948,0.083611056,9.73340654373169,0.4835814946081232,0.1350665
62,0.38279272526886493,0.08267974,10.734410524368286,0.4737992523965767,0.13076635
63,0.3864126105043669,0.08681891,11.582539796829224,0.4768745708287228,0.13309892
64,0.38343262299656444,0.085949674,10.018982887268066,0.49188410094383417,0.14941527
65,0.3861308286788314,0.082237504,9.15269660949707,0.48039180878594145,0.13238646
66,0.38710255744085703,0.083874926,9.029701709747314,0.48595385845321165,0.13727196
67,0.3830721353880533,0.08648544,8.970171213150024,0.4816883213481138,0.1389646
68,0.3824528858280708,0.082813784,8.982737064361572,0.48867908129072724,0.13974856
69,0.38514230885376627,0.08127276,10.476933479309082,0.48265320502426784,0.13358827
70,0.3835178345371758,0.081186615,11.829990148544312,0.4875780756965619,0.1320684
71,0.3845352127597149,0.08254469,10.758945226669312,0.5349411714689053,0.1328321
72,0.3893069587137661,0.082914256,9.713840007781982,0.4883635004719517,0.12562755
73,0.38052863509394536,0.08026311,10.3882155418396,0.4912257917030293,0.14498918
74,0.3770808255158176,0.07804641,11.41396713256836,0.5138078617182202,0.14239544
75,0.3788743878954071,0.077792384,10.720265865325928,0.497231381679627,0.14564909
76,0.37255974719964013,0.07945211,10.409350633621216,0.5097132764272809,0.14383836
77,0.3806253138897253,0.07840091,9.377055168151855,0.4787552497837666,0.14243202
78,0.3779034119843626,0.08009835,9.325292348861694,0.48654948572689316,0.14092669
79,0.37843977855863875,0.07902191,9.086533308029175,0.47996591721534404,0.13376343
80,0.3770138696960798,0.07818228,9.105323791503906,0.4803625847725024,0.13646716
81,0.37609551952563874,0.07937771,9.06886625289917,0.4815708933923164,0.13857184
82,0.3763141087218284,0.078346096,9.332070112228394,0.4903521418287737,0.13551442
83,0.37406772258783316,0.07787372,9.003411769866943,0.48507395204092035,0.12889625
84,0.372546533478353,0.07684776,10.118992805480957,0.4838213832594837,0.13095136
85,0.37665579991395204,0.073829874,10.333385467529297,0.48506009931955074,0.13743936
86,0.3732857371751856,0.073734865,9.952014684677124,0.4941736702852531,0.14765894
87,0.3681520284425385,0.07989198,10.424942255020142,0.495930586480154,0.15173228
88,0.3734352285320801,0.073174834,10.269716501235962,0.4788372469450981,0.13042298
89,0.3674874653774951,0.07399222,9.723034858703613,0.5099395985710341,0.14724706
90,0.37029194297883355,0.07561338,9.336831092834473,0.503906887492044,0.13346522
91,0.3759669073500569,0.07581611,9.99412989616394,0.5081009755325901,0.1575689
92,0.36595549322196463,0.07783023,9.669257164001465,0.49393572153707865,0.13113466
93,0.3673225288609192,0.075526014,9.416454076766968,0.505862086658695,0.13766508
94,0.36563790972196547,0.074027196,10.282697439193726,0.49154557161532225,0.14842166
95,0.3666171444696594,0.08092003,12.397075653076172,0.48859932933766514,0.14454871
96,0.3670267525721114,0.078006126,12.307735204696655,0.4913304937003381,0.137713
97,0.36163312643005,0.07423546,12.334782123565674,0.5086472822751613,0.15279017
98,0.3664988180997477,0.07155575,11.347755670547485,0.49347618198321813,0.12537754
99,0.3687078850246296,0.07499777,11.771942615509033,0.48496615724756537,0.13983881
