epoch,loss,pion_con,train_time,val_loss,val_pion_con
0,0.9438681683088066,0.34391665,9.859448194503784,0.8038332526191729,0.2960618
1,0.7455738044086645,0.29541796,9.55287218093872,0.6845899155414741,0.29353207
2,0.6536643291753704,0.2648269,9.55829644203186,0.6376160472236252,0.27179667
3,0.6160437182225716,0.24483629,9.634552240371704,0.6031653482222468,0.23887344
4,0.5892878792726478,0.22794409,9.637286901473999,0.5712728511269747,0.23112565
5,0.5687502590451838,0.21145268,9.601076126098633,0.5803363483927356,0.19840178
6,0.5568629743354784,0.20075764,9.690697431564331,0.547643187091854,0.19462773
7,0.5458758824671252,0.19373749,9.736890077590942,0.5378883222826725,0.18810897
8,0.5467167312451202,0.1816423,9.709811449050903,0.5289549788379702,0.18717675
9,0.5277119034964265,0.1759121,12.075378656387329,0.5261743221628306,0.17540427
10,0.5261827453023357,0.17659009,9.999168872833252,0.5160224753835095,0.17318621
11,0.5198689267264824,0.17073338,10.578751802444458,0.5262864955020413,0.16227469
12,0.5088086490291015,0.1647211,9.61001706123352,0.5091471276470529,0.17610842
13,0.5080141673893641,0.16284199,9.567001819610596,0.5182151496207702,0.17810994
14,0.5046547132623599,0.15952542,9.591703414916992,0.5079994969163691,0.16741584
15,0.49611465319062087,0.14963776,9.743022680282593,0.5012283210850054,0.16262215
16,0.4923943658764748,0.15086909,9.725343942642212,0.49607378409777075,0.1601141
17,0.49130301442081176,0.1513723,9.929211616516113,0.5084988184949647,0.160091
18,0.4873843606752424,0.14286637,9.783002138137817,0.5077317854106447,0.16460341
19,0.4825653017692829,0.1420261,9.744117736816406,0.48979180410012874,0.1588344
20,0.4795496415532362,0.13962607,9.969473838806152,0.48481301073718336,0.15814714
21,0.4704827077508596,0.13789637,11.778788805007935,0.5126785338614028,0.14090833
22,0.47441700017810534,0.13896373,9.680405855178833,0.4938074599314368,0.15559345
23,0.4794634573837743,0.13720544,9.565350532531738,0.4884465680281267,0.14496605
24,0.47043410816556896,0.13774379,9.652937650680542,0.47760093346699206,0.14477117
25,0.46680344467070817,0.13494228,9.618664026260376,0.4766100060611467,0.14291929
26,0.45944029431279065,0.12727612,9.707746744155884,0.47754691659857,0.15394469
27,0.46651627684910574,0.12995678,10.262431621551514,0.4731345770574678,0.13567327
28,0.46527556675939685,0.12548533,11.332032203674316,0.48860245531856183,0.1375212
29,0.4618176515383416,0.12858157,13.894394159317017,0.48305834994272323,0.15716003
30,0.45727762054059284,0.12500252,10.267569541931152,0.48055511068543866,0.14639978
31,0.4576787672842393,0.12850972,10.818756103515625,0.4758794172042813,0.15858938
32,0.45446217598570193,0.123749465,10.969443321228027,0.5053830021479956,0.14711393
33,0.45768272135488447,0.12094168,11.134256601333618,0.4701982186688569,0.13582487
34,0.45431912831983967,0.11862359,9.967408418655396,0.4711259290358113,0.13874295
35,0.4500381723852577,0.12655517,10.018938064575195,0.47667997405870316,0.15845832
36,0.4520626626039537,0.12629329,10.002296686172485,0.47302526259292593,0.13696581
37,0.45362773129721906,0.119075194,10.067017555236816,0.47117611434499407,0.13652535
38,0.4556002190723763,0.124784,11.761533975601196,0.4676857353229581,0.13365406
39,0.4473659613752668,0.12081135,10.563289642333984,0.47920141184423215,0.13996604
40,0.4464337638111594,0.119162366,9.68763279914856,0.4858192967055242,0.13045123
41,0.4525857935818725,0.114682786,9.831745147705078,0.48990681982089046,0.15906714
42,0.4436255273663609,0.116462454,9.70590615272522,0.47066380599249547,0.13467327
43,0.4413374283146486,0.115375735,10.548118829727173,0.4693468718900035,0.14281483
44,0.44025490849880733,0.11766888,11.690998554229736,0.48252910527596055,0.16187523
45,0.4454830808029109,0.115535505,9.560799360275269,0.4656781146069118,0.13301049
46,0.4420921379801522,0.11471577,9.681370735168457,0.46925758558323255,0.1303827
47,0.44894775422153355,0.11494647,9.722026824951172,0.47814065941293726,0.13317335
48,0.43549808393546835,0.109454,9.907498598098755,0.4703671752372918,0.13501358
49,0.4395699410346961,0.114546545,10.637928485870361,0.47432431387114954,0.14630045
50,0.4395169092486685,0.11239394,10.849279880523682,0.4695402057427851,0.124069415
51,0.44068056365135577,0.11515703,9.559644222259521,0.47396980622357066,0.13238786
52,0.44224729822154496,0.11802461,9.609344720840454,0.4640721610799528,0.14431971
53,0.4362301508576348,0.10878418,9.708741664886475,0.4723731900165374,0.13791625
54,0.4378587994321013,0.11965943,9.7307710647583,0.4697999736659586,0.13710909
55,0.4436616507549,0.10814729,11.30633282661438,0.4776261980336607,0.15294108
56,0.4347444003213499,0.112426355,9.71705436706543,0.472628108355027,0.13551207
57,0.43555037492554305,0.10774026,9.583312749862671,0.49932042259377146,0.13321987
58,0.4339698145918357,0.10254563,9.670703887939453,0.4698709033614557,0.13891818
59,0.4334521153936141,0.11000695,9.714702844619751,0.4738098135451726,0.1285259
60,0.4292063374589154,0.107158616,9.92160677909851,0.46778809033417856,0.15166968
61,0.43040662298800797,0.10712618,11.95554780960083,0.46392765268911434,0.13496086
62,0.43103699313772303,0.10797968,10.472875118255615,0.47690021855536874,0.1429386
63,0.4338091177412171,0.10803226,9.503517627716064,0.4902611226461567,0.13214962
64,0.4312844359620655,0.109882146,9.587162733078003,0.46493424511571924,0.1375033
65,0.42506534879352736,0.10367808,9.599673748016357,0.46712363246994254,0.14253187
66,0.42594891582589417,0.108312175,10.31131386756897,0.4714124278282884,0.13320674
67,0.4318885884782275,0.10827166,9.613773107528687,0.4667449217797623,0.12871015
68,0.4256049073423843,0.10250978,9.73080825805664,0.465936242143786,0.13117607
69,0.42162959388250076,0.10632518,9.95503830909729,0.47262316319821684,0.14418626
70,0.4243824260017263,0.10054478,9.86929702758789,0.46387002267873195,0.12513267
71,0.42458133133806925,0.099929705,10.232602596282959,0.4683346793769939,0.1350532
72,0.4306744721632674,0.10368535,9.68735933303833,0.47494873788963976,0.12575369
73,0.42481195938246497,0.10403376,9.791915655136108,0.4762390393377445,0.14325576
74,0.4222528657711063,0.099125706,11.056776523590088,0.47529677668423603,0.13895038
75,0.42121793691048115,0.10101004,9.751983404159546,0.46542085716003706,0.13513747
76,0.4173615073296608,0.10148588,9.650483131408691,0.483852658913031,0.14905553
77,0.42042527855784745,0.10298225,9.611191987991333,0.46147825469455117,0.12624758
78,0.4213059246962748,0.10118724,10.679237604141235,0.4704433625407545,0.14204238
79,0.41898549489872516,0.10767519,9.432016372680664,0.46304318582837334,0.13797116
80,0.41979068450982765,0.10228173,9.538101196289062,0.469285099427743,0.13002488
81,0.4210142418329634,0.101080894,9.602291345596313,0.4739652970298461,0.14983107
82,0.4226546461732356,0.10493041,9.576300144195557,0.4756898082851026,0.13673262
83,0.41954710929112277,0.10003945,11.982402563095093,0.47027133742549393,0.15079165
84,0.422068710188973,0.09690687,10.411651134490967,0.47797576204038567,0.13580118
85,0.4128541122639298,0.09418374,9.309967279434204,0.4751514582174321,0.1344016
86,0.41461086137820374,0.096228,9.427359819412231,0.4725389075518384,0.12515624
87,0.41444256498169724,0.09805338,9.431513786315918,0.46441616391454654,0.13533497
88,0.4116171646069759,0.09939306,9.488807201385498,0.4669523492916552,0.12890893
89,0.41245173489819786,0.09652018,9.47024655342102,0.4689126421950456,0.1340427
90,0.41660442860273655,0.098723225,9.54096508026123,0.4782204312071919,0.13160257
91,0.41671554324604737,0.09740425,10.449822664260864,0.4686859729844508,0.14040856
92,0.41600950259110037,0.09634151,10.24126935005188,0.47358486812887285,0.14418727
93,0.4123651213995056,0.09644218,9.392001867294312,0.4610503570780548,0.12935211
94,0.4122551125751567,0.097811446,9.443946123123169,0.4668006011982509,0.14249815
95,0.41312462351943385,0.09952626,9.491949081420898,0.46751428068758316,0.14766192
96,0.4149176359827445,0.100313365,9.527827501296997,0.4654821250966438,0.13842598
97,0.41601349774437807,0.09809385,9.518367052078247,0.46958448115314444,0.12886113
98,0.4091225966435691,0.10264091,10.178622722625732,0.48238734797894733,0.13080284
99,0.4187167565383386,0.09774887,10.292920112609863,0.500524248232934,0.17190732
100,0.41115937891006654,0.092823364,9.394707202911377,0.469988506231856,0.13455947
101,0.4096283820856352,0.09930678,9.437478303909302,0.48368541667024445,0.1431012
102,0.40777348034185606,0.090329506,9.700937509536743,0.4671795668548485,0.13210684
103,0.4048104697257568,0.09761101,11.097548961639404,0.46633763368824477,0.14767489
104,0.40944127760912513,0.09600022,10.672610759735107,0.46367745364008206,0.1297138
105,0.4072428474244043,0.09131829,11.773373126983643,0.46523478085878794,0.12669304
106,0.4055078081100938,0.09374101,12.627078533172607,0.4671433759015339,0.13620774
107,0.4125314558500296,0.094829865,10.097499132156372,0.46856737056989645,0.13301353
108,0.40633614015876607,0.09219617,9.636953830718994,0.4735821891159316,0.14142816
109,0.4192975866276023,0.09565094,9.742341995239258,0.4681549987959967,0.14136146
110,0.40965640785760316,0.09159617,9.784487247467041,0.5123935346820654,0.1407511
111,0.41291925596888845,0.09432522,10.422866344451904,0.4709757484452573,0.13951607
112,0.4046206630353701,0.09370148,10.98926067352295,0.46476174511499285,0.13614711
113,0.40503154994759544,0.09526112,10.340062856674194,0.4650039458266735,0.16794112
114,0.39895190836604105,0.09300401,9.65549373626709,0.4684350913132749,0.13217984
115,0.40256156557778816,0.09132705,9.667298316955566,0.46976735073463805,0.1291021
116,0.4036996853476428,0.09230662,9.727322578430176,0.46888442832326777,0.13125661
117,0.40511924747876815,0.09376297,10.343456268310547,0.4717414800547613,0.14054324
118,0.4042107954197768,0.093420245,12.025938987731934,0.46587741511162345,0.13553126
119,0.4023229871989246,0.09013546,11.784400939941406,0.46646633577241414,0.12706271
120,0.40077331472841143,0.09277537,10.514671087265015,0.4619176988109607,0.13716935
121,0.41029332114885836,0.09109908,12.386770963668823,0.46955931956814245,0.13248208
122,0.40472867861987943,0.08934644,11.511260271072388,0.472155332316026,0.14414695
123,0.4069211636069299,0.0942561,9.851703405380249,0.4621654786937134,0.12285573
124,0.40342645423808504,0.09113012,9.968206882476807,0.46217515781922064,0.14157034
125,0.4026613592660294,0.09188849,10.728557348251343,0.47895221630151236,0.1322923
126,0.40094713262366977,0.093938865,10.086540699005127,0.46447405675688963,0.14067769
127,0.4020990691615134,0.09008195,10.044356107711792,0.4736726492916958,0.13743278
128,0.4081105613380312,0.09118216,9.71306324005127,0.46585316695310924,0.13258071
129,0.4047960425118727,0.09033945,10.42298674583435,0.47057371252817753,0.13267927
130,0.4118359277458726,0.09116772,9.7264084815979,0.45794236224267565,0.13259412
131,0.4008411360004464,0.09214191,9.82557988166809,0.48934243914627856,0.13775435
132,0.40910488296904446,0.085462354,11.337657451629639,0.4673171749572209,0.13406457
133,0.39827295282724956,0.08699685,9.782247543334961,0.47515749882289804,0.13416316
134,0.40134753185772004,0.0904324,9.734618425369263,0.4699489611685175,0.13536637
135,0.3991757781005411,0.08803185,10.117714643478394,0.4657438859287795,0.1429348
136,0.40085403329982705,0.08867771,11.80537223815918,0.4683336432958614,0.12606029
137,0.39763421875948635,0.08848387,9.83197546005249,0.46824309146959575,0.13343085
138,0.40103840312331784,0.09052039,9.946802616119385,0.4629349281515487,0.13748601
139,0.3985601090969852,0.092700034,10.110872745513916,0.4622606404903429,0.1439324
140,0.40084247798389394,0.09237223,9.694363117218018,0.45841308645308726,0.13028806
141,0.3981659120666249,0.088023484,12.003253936767578,0.46476938522052536,0.13492784
142,0.39643941882924866,0.08601493,9.75314736366272,0.4761438308018318,0.14203098
143,0.39562222447084694,0.09425854,12.901469230651855,0.4724393574225177,0.13037187
144,0.40101263820876054,0.08675315,12.049238681793213,0.47049405981350495,0.135204
145,0.39245372784183813,0.087397516,9.961302042007446,0.48364414111240833,0.13705364
146,0.3989568550182874,0.087611005,10.188253402709961,0.45961655351589503,0.13358785
147,0.3952908046096746,0.08821223,10.588905811309814,0.46293188756884707,0.12728779
148,0.3992272511442199,0.088329814,10.323308944702148,0.45948354947408904,0.12779005
149,0.39998189817916235,0.08643505,10.777026176452637,0.4635870880575579,0.13563566
150,0.4033727983032663,0.08790703,10.413822889328003,0.4764206522178261,0.1381331
151,0.3939240573765559,0.088721566,10.0607750415802,0.46129300987100325,0.14345503
152,0.39873785559070696,0.085031606,9.723349809646606,0.46509892774738854,0.14294219
153,0.3984734208183248,0.09035856,10.340119361877441,0.46492537257826194,0.13234596
154,0.39499807810459603,0.08842721,11.207995176315308,0.4585814960267989,0.12529907
155,0.39738683872203817,0.08796717,11.288684844970703,0.4713747183691276,0.13155565
156,0.397123210701725,0.09024979,11.197861194610596,0.47000934868108574,0.12360633
157,0.39936147117876,0.08925699,9.653820276260376,0.4571201888487802,0.12538151
158,0.39395422939052555,0.08552064,11.056478500366211,0.4648761491757678,0.12965144
159,0.4015246122077848,0.086790055,10.070900440216064,0.4652280126773999,0.15685527
160,0.394656263680208,0.08777668,9.93691349029541,0.4593514931947753,0.12583211
161,0.3881389119596789,0.083789684,10.396725416183472,0.4780567579977126,0.13772915
162,0.3908367604321239,0.08219682,9.544082164764404,0.4747850563201074,0.14562066
163,0.3914224762853198,0.08762383,9.605802774429321,0.4706368012316411,0.1523154
164,0.3922829447460597,0.08341203,9.492784023284912,0.46219963898507965,0.14128305
165,0.39128315931193713,0.08593216,9.459222555160522,0.4603639995999095,0.12503758
166,0.3922793728562835,0.08706968,9.418009042739868,0.4598487332012328,0.14821094
167,0.3901208309947672,0.08357954,9.540999412536621,0.4532300000934932,0.12985022
168,0.3918850203230087,0.087915674,9.554625272750854,0.456120276475431,0.12675151
169,0.3965832384199026,0.08696327,9.475009679794312,0.45496269799300254,0.14404339
170,0.39232934278213033,0.08938929,9.457995653152466,0.4606955373866831,0.12726134
171,0.39394949207193164,0.08586727,9.959185600280762,0.45801583382395084,0.11354302
172,0.3934737073008916,0.085137874,11.25140929222107,0.46661942027248277,0.12780663
173,0.39094247850313607,0.08595749,9.340650081634521,0.4734558646956985,0.13565402
174,0.39148554750744685,0.084864736,9.406912088394165,0.4806260859589316,0.15065931
175,0.39204381673318567,0.0846413,9.362837314605713,0.4723997615118166,0.13559622
176,0.3921084231996209,0.08509052,9.392266273498535,0.4634928467483676,0.14697275
177,0.38937057464946034,0.08477333,9.435944557189941,0.4656082399724009,0.12796664
178,0.38808844206514787,0.08746144,9.420509576797485,0.46154770872618056,0.12288669
179,0.38756194666958205,0.08258345,9.428452014923096,0.4831820411083853,0.1300353
180,0.3925058897325207,0.08508344,9.475904941558838,0.4673705009224868,0.13076879
181,0.38938658639141005,0.087247655,9.44943642616272,0.4573055692571882,0.12919773
182,0.3859261559651681,0.085345514,9.460771799087524,0.46354588690926046,0.12891135
183,0.38942448543000535,0.08349015,10.626464605331421,0.4659226308384545,0.12947562
184,0.39282792772637365,0.08693944,9.453847646713257,0.4803211440808187,0.12982559
185,0.3933603844416176,0.08460266,9.411097764968872,0.47415902772269175,0.13238503
186,0.39294288453759146,0.088966295,9.445485591888428,0.4533694880485373,0.13482586
187,0.39238726159954723,0.085216,9.48128604888916,0.4593784535551347,0.12357328
188,0.39450844600242296,0.083525725,9.581804037094116,0.4659954589692479,0.13480352
189,0.3894894335030495,0.082892194,9.507059574127197,0.46455027180154157,0.124463685
190,0.3899835357352932,0.08213399,9.509572267532349,0.46003153583339507,0.12019631
191,0.3892879146788791,0.08081708,9.552097797393799,0.4585551353305102,0.128283
192,0.3870531924232354,0.08746277,9.571385383605957,0.46428628056805704,0.1248862
193,0.38589819323196456,0.08427633,10.45050048828125,0.47467309482565384,0.13287793
194,0.38886850256715216,0.08546319,11.293510913848877,0.4670310409062576,0.13639054
195,0.3912255844852107,0.08598518,9.403537273406982,0.4780190586192557,0.13223642
196,0.3922955908347509,0.0852149,9.42275357246399,0.46593104503220417,0.12955865
197,0.3877167481412947,0.08177757,9.406769037246704,0.4574344317631752,0.13329549
198,0.38201963402527306,0.08195815,9.442487955093384,0.47067937637542795,0.12226142
199,0.3844996039546999,0.081942126,9.703900337219238,0.468715258953483,0.12646839
