epoch,loss,pion_con,train_time,val_loss,val_pion_con
0,0.9248570917448057,0.36070982,10.950263023376465,0.8299655559313456,0.32294595
1,0.795684595132675,0.29446018,10.305289506912231,0.7911299483583963,0.30658677
2,0.7793601352874674,0.29896054,9.727013349533081,0.7799794770794959,0.29423746
3,0.7662899588561666,0.29689544,10.959065914154053,0.7500489646218659,0.27838394
4,0.7222669207865186,0.27680376,9.973839044570923,0.6959340742192922,0.26094264
5,0.6906330482531418,0.2604723,9.595988273620605,0.660227709921474,0.25151882
6,0.6606729758253407,0.26573876,9.615975618362427,0.6427202121776125,0.24761342
7,0.6441493212159982,0.2554311,9.649381637573242,0.6208700105066569,0.23728773
8,0.6397740433912809,0.24779968,9.812368154525757,0.6138894801640826,0.22276719
9,0.631989289656247,0.24106666,9.681699275970459,0.5968285471028675,0.23262371
10,0.624643658960436,0.22678405,9.663283109664917,0.5915735571877319,0.2170597
11,0.600231272107607,0.21947719,9.60543966293335,0.5854419182328617,0.199325
12,0.5984507009318404,0.21086462,9.862879037857056,0.5650183941871283,0.21384014
13,0.5844850446772301,0.20991169,10.919039726257324,0.590506456028803,0.20259696
14,0.5755966183318028,0.2031095,10.970576286315918,0.5487701525780588,0.19900565
15,0.5735089279826615,0.19377103,9.950928926467896,0.5471356520073951,0.17866172
16,0.5587872451346828,0.19611992,10.815585613250732,0.5462850497920916,0.18888427
17,0.5599085747569157,0.1914881,10.271693706512451,0.5452512086106579,0.18797907
18,0.5514396693797718,0.18436275,9.843955278396606,0.5422548602528007,0.18993376
19,0.5507252005150305,0.18611732,10.273699522018433,0.5414160364685883,0.18237446
20,0.5536607883468043,0.18030521,10.663098573684692,0.5373366307255688,0.18748516
21,0.5436687660637416,0.18067832,9.489609718322754,0.5298382260004139,0.18915404
22,0.5381146117832646,0.17697273,9.720261573791504,0.5325205612166404,0.18246329
23,0.529963624969315,0.17253777,9.70551872253418,0.5364600166136292,0.1769734
24,0.5311199671700425,0.17565103,8.934696197509766,0.526379861516719,0.16738611
25,0.5236889756811393,0.1692259,11.434619188308716,0.5331905178941054,0.16383104
26,0.5267942086719387,0.17007618,9.37365174293518,0.5193974452738614,0.1654501
27,0.5355814740828082,0.17034602,9.417325973510742,0.531022759365087,0.17198206
28,0.5194016571096662,0.1655017,9.707901954650879,0.5121420167571467,0.17677063
29,0.5168694609810193,0.16707738,9.777049779891968,0.5192540798127266,0.17805195
30,0.5137026400576616,0.16063443,11.358962297439575,0.5100412852664417,0.15918864
31,0.5207593969861636,0.15783855,9.065040349960327,0.5152051630736776,0.169165
32,0.5118807286440403,0.15823743,9.250123262405396,0.5123746284575983,0.16406752
33,0.5115140820961886,0.16082719,9.062635898590088,0.5100511483070357,0.16096562
34,0.5108218362612049,0.15797342,9.58532428741455,0.5079448095960141,0.16075626
35,0.5091066164813925,0.1607777,8.851826190948486,0.513353367536419,0.16026837
36,0.508551941110247,0.15915886,8.910181522369385,0.5036137941843472,0.16351505
37,0.5049411403592278,0.15003248,9.123520612716675,0.5115048449791763,0.15227649
38,0.5128653568535807,0.15271096,8.88643765449524,0.5245228007755001,0.1687698
39,0.5043490583441163,0.15248509,8.941052198410034,0.5034893294999649,0.15113267
40,0.5007200712670913,0.1502431,8.918768882751465,0.5038774184793974,0.14889109
41,0.497330760336731,0.14354035,8.976356029510498,0.5161194247236385,0.15185347
42,0.49401263017271435,0.14118588,8.916965246200562,0.49599960907021984,0.1463126
43,0.5061877007303414,0.15883876,8.920889616012573,0.5077009443967613,0.15664378
44,0.501040214185627,0.14649756,8.85262417793274,0.5074316661380578,0.15168
45,0.4962835331315498,0.13969456,9.21872615814209,0.4902567560435233,0.1434281
46,0.4918845278286734,0.14679956,8.88594651222229,0.4946450071973648,0.16083764
47,0.48985851375425454,0.14641318,8.889276504516602,0.4977917195359528,0.14673579
48,0.4908670019714127,0.14947975,8.947738885879517,0.4905203061053559,0.15434489
49,0.4918219963492963,0.14405851,9.370716094970703,0.5056809419395566,0.1532528
50,0.5002272954324524,0.15262242,9.830766916275024,0.4939291403006632,0.13939063
51,0.4927708144580127,0.14089572,10.008549928665161,0.4969235511184428,0.17052765
52,0.4908506400042617,0.14153598,10.17279839515686,0.4905611824762331,0.14933835
53,0.49910924817608765,0.14593026,9.551513195037842,0.493800859775968,0.14397527
54,0.4931921420170121,0.1412273,9.231523752212524,0.4908079754694187,0.1419872
55,0.4903603467144842,0.13677102,8.865556955337524,0.4889038743554472,0.13658127
56,0.4889127064235506,0.137953,8.844404220581055,0.49008846258233496,0.13854103
57,0.48126880067478855,0.14415771,8.856155633926392,0.489583868292958,0.1460091
58,0.4843131171355626,0.13843669,8.5650794506073,0.49461686283664125,0.15230575
59,0.485263177066192,0.13999104,8.921334981918335,0.4841578873413349,0.14104694
60,0.48503743893492784,0.13859096,8.967264413833618,0.48685892310040374,0.14065352
61,0.4821198355022276,0.13456643,8.792630672454834,0.4891239651000974,0.14014164
62,0.4783236528913159,0.14056921,8.734484672546387,0.5038924709950446,0.14435723
63,0.48010241252639363,0.13956296,8.6107337474823,0.4890344042106779,0.14000802
64,0.48267059777534826,0.13869314,8.639754295349121,0.5121387695990546,0.14312787
65,0.49146999958287757,0.13791803,8.639853954315186,0.49408882225261014,0.14403471
66,0.4840300211174145,0.13788351,9.046674251556396,0.4832966023219438,0.14713177
67,0.4795124012275484,0.13858259,8.964741230010986,0.4844694453694714,0.13225946
68,0.4792297612183419,0.1348625,8.665376424789429,0.49852128664638995,0.14069487
69,0.4808928526345777,0.13315809,8.75834608078003,0.48592620367746053,0.13878652
70,0.48437099407015244,0.13585453,8.722960233688354,0.5015883916496866,0.14681566
71,0.48610827235290716,0.14167897,8.951580286026001,0.5040946277154218,0.1501398
72,0.47826259815404093,0.13100001,8.799293041229248,0.48208314867823837,0.14303386
73,0.4804555402623148,0.13436328,9.164981842041016,0.49083453599833504,0.14385192
74,0.4851711224060724,0.13998044,9.303178310394287,0.488503306413013,0.14319623
75,0.47459467538127426,0.13442776,10.485106945037842,0.4916272509547976,0.14284554
76,0.4864951768092326,0.13810858,11.1670081615448,0.4801891046999588,0.14874274
77,0.4764330044276732,0.13460201,9.675981044769287,0.4967801223012794,0.14295003
78,0.47444217643614395,0.13282466,8.668078899383545,0.487788043424249,0.13167208
79,0.4706501865333231,0.13283214,8.910032033920288,0.5023021331614923,0.13753936
80,0.4773331497518334,0.13232018,9.340747594833374,0.505817241546695,0.13760094
81,0.47710034200665336,0.13712595,9.64408564567566,0.48911792424940326,0.15268625
82,0.4720544993642332,0.13381627,9.498305082321167,0.4796828580445799,0.14610212
83,0.4738236054717592,0.13312772,8.901822805404663,0.48778304664993805,0.15104517
84,0.4758911878967787,0.13829693,9.096049547195435,0.4822833867390842,0.13273439
85,0.47720881604237647,0.13277826,8.62734055519104,0.48094368481141536,0.13960414
86,0.4700418847100665,0.13425219,9.205283164978027,0.48299604164261023,0.14267899
87,0.4750342889756056,0.1324964,9.270446538925171,0.48099147971898104,0.1384501
88,0.47526335909984946,0.13261677,8.952937126159668,0.4916407504563265,0.14543325
89,0.4803034410183751,0.13429004,9.16251826286316,0.4814733093954681,0.1335889
90,0.4734558741288684,0.13776548,9.022667169570923,0.48450479899000776,0.13884914
91,0.4716273822326495,0.13562588,9.13029956817627,0.4785713722372655,0.14009494
92,0.4744860277201426,0.13101351,8.974319696426392,0.4885445385310002,0.13549635
93,0.46804431606503094,0.13180754,8.857714891433716,0.4903541778958764,0.13733232
94,0.47574221304920195,0.13168254,8.697839498519897,0.4923844822042453,0.14370844
95,0.46981845699847513,0.13572945,8.55951189994812,0.47703360611790097,0.1383282
96,0.47815477792931044,0.13618875,8.583855390548706,0.4958149641620509,0.13272168
97,0.4768185140749779,0.13014375,8.674397945404053,0.48889743664442215,0.13848127
98,0.4724331984828734,0.13097364,8.919315576553345,0.4816772646297609,0.1515057
99,0.4695146417475824,0.12956153,8.975706577301025,0.4841246159901144,0.14255561
