epoch,loss,pion_con,train_time,val_loss,val_pion_con
0,0.9757604563528753,0.41654497,10.969842672348022,0.8496147357537932,0.33224574
1,0.811797461453471,0.32858557,9.974839925765991,0.7472203056206714,0.29944336
2,0.7380708977115413,0.2937842,10.213269233703613,0.6988126868619597,0.28468361
3,0.6917330278184104,0.296272,10.019551753997803,0.6459674652439119,0.2832692
4,0.6620528424708645,0.28364646,10.626351356506348,0.6269690342315887,0.26397747
5,0.6412776526237312,0.25800452,9.932107925415039,0.614128858043563,0.27218962
6,0.6267399902720895,0.2457679,10.056518077850342,0.6220916629688791,0.25307938
7,0.6156587811977876,0.24300826,9.639155387878418,0.6366562108043423,0.23600003
8,0.6111107439747088,0.23504646,9.52811574935913,0.5877844585564946,0.23428307
9,0.5955210622379129,0.22686367,9.42805027961731,0.5951514057422406,0.22063105
10,0.5866934896014551,0.22304522,9.604517459869385,0.5647946739188671,0.21627529
11,0.576325460807242,0.21690999,9.408339977264404,0.5601147642673906,0.20886287
12,0.5731204621894348,0.21453038,9.502243995666504,0.5545518578902591,0.19626509
13,0.5646140536076656,0.21041016,9.446773529052734,0.5490261381274784,0.19649665
14,0.5630677693272917,0.21475582,9.362357378005981,0.5472802919378413,0.19021198
15,0.5528106060414578,0.19549097,9.95333981513977,0.5367966257727337,0.19008398
16,0.5496812293376234,0.1975548,9.843925714492798,0.5321743757515609,0.18418697
17,0.5447133326356289,0.1914577,9.458894729614258,0.5293494155296701,0.17517163
18,0.5344360062058857,0.19551255,10.123212575912476,0.5273069852025117,0.18796702
19,0.5305945167178625,0.18375732,10.708494186401367,0.5219855592166515,0.16933376
20,0.5348367670954116,0.19242698,9.831587791442871,0.5202599212329674,0.16960391
21,0.52805809607021,0.17948742,9.921533346176147,0.5092963568737052,0.17680065
22,0.5271254965531347,0.18029141,9.882941007614136,0.5183833205631013,0.17118125
23,0.522616869156075,0.17925434,9.789576768875122,0.5041762515988654,0.1637213
24,0.514540060153477,0.16601355,9.45967960357666,0.5095569345222286,0.15711758
25,0.52103616342379,0.17251351,10.288561820983887,0.5020453769489439,0.16286327
26,0.5121970539181397,0.17314312,9.969658851623535,0.49701909523195087,0.15391706
27,0.508207973476028,0.16414814,11.16405963897705,0.507464389850071,0.16069722
28,0.5068115118023713,0.1651951,9.406341791152954,0.4964002195607639,0.15699387
29,0.49792704102607205,0.15017878,9.414241313934326,0.48745074715390574,0.14359406
30,0.49578341114864033,0.15224485,9.31387710571289,0.48564307461462636,0.1526049
31,0.49801056496060025,0.14782742,11.200721502304077,0.4781407141413911,0.15827812
32,0.4992216235518407,0.15827118,9.524388790130615,0.4801361359855992,0.14650033
33,0.49557009206449343,0.15489241,9.669864177703857,0.488663192457668,0.16154857
34,0.48703079909437685,0.15594617,9.26857304573059,0.4774202180897772,0.13910869
35,0.48998876127719887,0.15377007,10.079856872558594,0.4723173731243233,0.14718205
36,0.48393393874501905,0.14600165,10.06687045097351,0.4787540953364432,0.14852783
37,0.4965477768152345,0.15030345,9.773377656936646,0.4827839406604306,0.14133833
38,0.48269167092275816,0.13734546,9.57625412940979,0.46882231036889555,0.13563485
39,0.49640811710732774,0.15273964,10.024707317352295,0.46678306848084344,0.13195105
40,0.48380731850765807,0.14446768,9.652694463729858,0.4774683722911421,0.1387845
41,0.48530756158600463,0.1420523,9.391664743423462,0.46457137534181425,0.13382311
42,0.48237558260349567,0.13592719,9.85191035270691,0.47967896090401796,0.13394241
43,0.47616028127369014,0.13868423,9.690056800842285,0.4658879840750955,0.14598846
44,0.4743572265174353,0.14045194,9.584061622619629,0.4655955939339927,0.13594566
45,0.4756826993961493,0.13845254,9.508667230606079,0.458396746874342,0.13668975
46,0.4740402887523706,0.13818039,9.519319772720337,0.4642629322309309,0.12727088
47,0.47073994710769607,0.141072,9.471449613571167,0.4633939049106923,0.14107567
48,0.47798166631799976,0.14487255,9.718119144439697,0.4590289797923955,0.13946073
49,0.46989061183483,0.13388486,9.506212711334229,0.46691626485858956,0.125946
50,0.4725458669689342,0.13909037,9.5913405418396,0.4562248148791687,0.12730041
51,0.4666659936570285,0.1352921,9.72838044166565,0.45578702220054196,0.13245419
52,0.45903342656141416,0.13117106,9.64415955543518,0.45376740106511626,0.12216136
53,0.46831319779976943,0.13323876,9.268820762634277,0.45255446256889204,0.12488013
54,0.4654432413885882,0.136072,9.477927923202515,0.4508725130448573,0.12487901
55,0.4631481109487478,0.13641685,10.21044659614563,0.45420938993910875,0.12632285
56,0.46798173556418887,0.13888937,9.723665952682495,0.45133100541138155,0.13499226
57,0.4603386542299648,0.13622288,9.72855830192566,0.4521967294892256,0.1329267
58,0.4607820792501444,0.12492077,11.19629454612732,0.448183881437969,0.12165498
59,0.4613052880918488,0.12802106,9.280805349349976,0.4536928748626443,0.11855327
60,0.4571484458717249,0.12672205,9.638770341873169,0.45011522257786063,0.11954871
61,0.45773246791298794,0.12993914,10.400534868240356,0.44923782041590865,0.1253637
62,0.46045369671236486,0.13732074,9.984651327133179,0.44784911378473297,0.11802192
63,0.4529659539853127,0.12461641,11.926778078079224,0.4509903517842739,0.12095645
64,0.453502097166369,0.12906924,9.915550947189331,0.4496454575178535,0.123196736
65,0.459100346938964,0.1290051,9.667862892150879,0.4521407952806407,0.124372005
66,0.4527971830068994,0.12968373,9.356612205505371,0.4527577098212004,0.11764172
67,0.4509498563480707,0.122012846,9.550627946853638,0.44617433961416253,0.12071557
68,0.45164624095792216,0.121674754,9.386406183242798,0.451639156228464,0.11148046
69,0.4484273841629307,0.11898073,9.61202597618103,0.4436992183302341,0.11815114
70,0.46239961095387194,0.1262252,9.436756372451782,0.4463517765798604,0.11928034
71,0.44982430072861485,0.12089983,9.483680248260498,0.4459180655506994,0.12823194
72,0.4497163988081979,0.12177126,9.298380851745605,0.4479481969751983,0.12834087
73,0.4473495635418016,0.11375949,9.497576236724854,0.4529767505614298,0.119021446
74,0.4490981952390339,0.11850867,9.254586219787598,0.44436369310305746,0.105331965
75,0.4511493482837029,0.12516513,9.332704544067383,0.45340265695516124,0.1225542
76,0.4470210558668085,0.117401846,9.260074853897095,0.4505118394011504,0.118043944
77,0.4458018418631854,0.12062532,9.486196041107178,0.44239522671059095,0.12849571
78,0.44948881976181226,0.120940655,9.380179643630981,0.44718820199355186,0.12091389
79,0.44630620283981937,0.11867561,9.450064659118652,0.4418665452337476,0.10802433
80,0.44370689314977035,0.11464805,9.335834264755249,0.44055706458163074,0.11325579
81,0.4501783757106621,0.12482235,9.27410364151001,0.44376717049910963,0.115095355
82,0.4485269629821656,0.11926798,9.29102110862732,0.4434291889739661,0.11699035
83,0.4452490128006574,0.11800741,9.66616439819336,0.44350209282961317,0.11494991
84,0.43897494866771514,0.11512181,9.518945932388306,0.44287124042687714,0.11938436
85,0.449565940172523,0.11919634,9.448877573013306,0.4362245091326745,0.11399938
86,0.4430877869160818,0.11624115,9.574724674224854,0.443161221636432,0.107677564
87,0.4379630015682737,0.11719229,9.58872127532959,0.45787185966786137,0.11661797
88,0.44254435795048436,0.11812646,9.305089950561523,0.44777572295245005,0.11809004
89,0.43691043890608083,0.113322504,9.213507413864136,0.43723628147651206,0.116262056
90,0.44150393439299,0.116358966,9.215106010437012,0.4450496285414055,0.120524
91,0.4407011197011718,0.113578,9.280492544174194,0.44863342789718386,0.11008679
92,0.445227961881515,0.11470612,10.073416233062744,0.44358536903447177,0.11488027
93,0.45277400799006606,0.11507167,9.82630968093872,0.43843012491240463,0.11540913
94,0.4414521662541506,0.116821006,9.932546377182007,0.4406037790906628,0.11278605
95,0.4401218466264854,0.11884516,9.721545219421387,0.4347507037544121,0.117120735
96,0.4515201823545937,0.11389262,9.884030103683472,0.43571566368843656,0.109505266
97,0.4350738955023258,0.109440446,10.207473516464233,0.4418461054330454,0.11380183
98,0.43749284887047035,0.11223616,9.649954080581665,0.4327291952108534,0.10832811
99,0.43759232569443995,0.11890763,9.491281986236572,0.44403765579544335,0.113575004
