epoch,loss,pion_con,train_time,val_loss,val_pion_con
0,0.9519316019884705,0.36763516,10.042394638061523,0.7970496679560257,0.3054777
1,0.7654697098410712,0.29447538,9.646084547042847,0.7013457228398898,0.2705408
2,0.7024196703311564,0.28560036,10.640576362609863,0.6520807234213815,0.25339058
3,0.6624607266712924,0.27339852,9.532825946807861,0.6123249223952957,0.23140474
4,0.6322047452272028,0.25291985,9.977327108383179,0.5922179184086426,0.22414242
5,0.6150686422163925,0.2323225,10.155338287353516,0.5806356796477369,0.23017785
6,0.6038546461029862,0.22662719,10.191893815994263,0.5713606613179284,0.20517784
7,0.5873406170885025,0.22323178,10.61265230178833,0.5612763101776536,0.19303277
8,0.5813940001227482,0.21001399,9.817853450775146,0.5489446504247387,0.18599263
9,0.573480490464318,0.20465344,10.615047216415405,0.5457022673943464,0.1839177
10,0.5700309353021964,0.1984874,10.210865497589111,0.5408163373930768,0.19291903
11,0.562052983646245,0.20104724,9.768508672714233,0.5348509804807687,0.17556158
12,0.5598458914472967,0.18601431,10.120574712753296,0.5276174340329985,0.16894026
13,0.5452139518189668,0.19358325,9.882532596588135,0.5240663539204051,0.17163052
14,0.5410947765439852,0.18408899,10.135563611984253,0.522916897783795,0.16344228
15,0.531971829450095,0.1859427,10.023548603057861,0.5128118893010646,0.15996598
16,0.5306995593946339,0.17768618,9.92399787902832,0.514654443234418,0.17194527
17,0.5231508487056646,0.17258292,10.66270637512207,0.5048834575758788,0.15536578
18,0.5242751656402941,0.17701493,9.91033673286438,0.5073437146247143,0.16120434
19,0.517981401022915,0.17178497,9.822146892547607,0.5106607516255358,0.16375133
20,0.5163631908092835,0.17255172,11.283623695373535,0.49879781767771547,0.16082777
21,0.5093553935304229,0.16196036,10.027231931686401,0.4922106287869334,0.15147492
22,0.5076298664450699,0.16469415,9.648519277572632,0.4905264126853204,0.15540773
23,0.5076583003376407,0.15943408,9.816110372543335,0.4945369210890952,0.14765188
24,0.5069779947955076,0.16411889,10.19606328010559,0.4884831048586222,0.15129067
25,0.505852803535513,0.16048357,12.00763750076294,0.4842090570938826,0.15259065
26,0.5015527051907612,0.15825477,10.070345878601074,0.496254351093671,0.14925428
27,0.49712529606166583,0.15959306,10.067596912384033,0.4805808385834731,0.14563034
28,0.5028164321193538,0.15462464,9.999423503875732,0.479250513550701,0.14248985
29,0.49241530574576353,0.1474693,10.796950817108154,0.4795228173642773,0.15104279
30,0.4907221083796598,0.15512581,9.943897247314453,0.4947643518468143,0.14488679
31,0.49155350854357865,0.14941676,10.328922510147095,0.4822494109079814,0.13983464
32,0.4910113695042043,0.14601989,10.01926851272583,0.4763560085019381,0.1406698
33,0.4890043334439966,0.14789239,9.74988865852356,0.4935386964391989,0.1519065
34,0.4907412589874802,0.14599259,10.065416097640991,0.4817786622233879,0.14096572
35,0.4865257468603126,0.14981517,9.747074604034424,0.46790328340358533,0.14331794
36,0.48316398744252304,0.14914058,9.86493444442749,0.4675506674708334,0.13589141
37,0.47913409814147934,0.14375615,10.089507102966309,0.46860269621009526,0.14166337
38,0.47857322811580116,0.13882975,9.817790985107422,0.4701797535491614,0.1521898
39,0.4803487395293434,0.14604771,9.94813060760498,0.47038544110399005,0.13837054
40,0.4796296955741461,0.15080185,9.844523191452026,0.4684606206453564,0.14717115
41,0.475018004909297,0.14203161,9.853790283203125,0.47002223069389754,0.14485201
42,0.47890449622200315,0.13862234,11.579776287078857,0.46911159198894586,0.14343473
43,0.4724792787780483,0.14333476,9.62584662437439,0.46584028501731123,0.14847666
44,0.48163113134945046,0.14624007,9.628854274749756,0.4619319749300028,0.13987444
45,0.4737247771226084,0.13585562,10.159723997116089,0.4690911992700357,0.14323187
46,0.47143604788474774,0.13914932,9.832547187805176,0.46545190815210585,0.15145896
47,0.47450792491499694,0.1390571,9.84764051437378,0.47198070837745293,0.1426645
48,0.4771554335627269,0.1447716,11.403329372406006,0.4604230098337675,0.13786139
49,0.47840423475222776,0.14489904,10.359051704406738,0.46150721580509585,0.13119663
50,0.47290843527529797,0.13812116,9.602092742919922,0.460388709689354,0.13799053
51,0.47057563069956615,0.13798063,9.72618317604065,0.4565930843880208,0.14505142
52,0.4666349055020319,0.13717131,9.780373573303223,0.46491762447908436,0.14469609
53,0.4752941768805992,0.13577324,10.05044937133789,0.4614760569308494,0.1374867
54,0.4690690632321188,0.13267441,12.57803201675415,0.46086368683810464,0.13322896
55,0.46707280825742703,0.12851995,10.8579421043396,0.45761105614995845,0.12848577
56,0.4614716763030503,0.13282816,9.49834394454956,0.4549223378092932,0.13082673
57,0.46587594730589865,0.13704482,9.619853496551514,0.45788138682483126,0.13045913
58,0.4635481134999966,0.12551738,9.751991271972656,0.4568544815000893,0.12352771
59,0.46130911949939835,0.13393226,10.354640007019043,0.4604838927843586,0.12298325
60,0.46665354072150167,0.13454688,10.989758729934692,0.5118875783465014,0.13525882
61,0.47284747710389347,0.1301809,9.888146877288818,0.454188217759254,0.12876652
62,0.45603691228171966,0.12321648,10.682272672653198,0.454226835241775,0.14517184
63,0.46146702212825164,0.12151581,9.844103813171387,0.45942821471069345,0.12591146
64,0.4669157090122409,0.13034043,9.711129665374756,0.47458857305598723,0.122728266
65,0.45447544599621165,0.123465545,9.784846305847168,0.45972109874954276,0.12912256
66,0.46131515362461395,0.1363147,9.793472290039062,0.4534633525959775,0.12555781
67,0.4666236260140589,0.13729878,10.43831729888916,0.4541752993513313,0.13760227
68,0.45867962303752396,0.1250871,11.286102056503296,0.4620820579176977,0.11883178
69,0.4572482861200515,0.12916365,10.06642460823059,0.4569704526948588,0.12726927
70,0.4561539061628212,0.1278192,9.96146845817566,0.4599202867451674,0.12908638
71,0.45327674966433673,0.1305679,9.858980894088745,0.45167405397176175,0.14198947
72,0.4559801698332611,0.12430144,9.783710479736328,0.4472419872631714,0.12387924
73,0.45304189006536166,0.1285933,10.618444681167603,0.45183147447362965,0.13512611
74,0.44975592297864847,0.12494897,11.370365619659424,0.4463212006455253,0.12808451
75,0.45550313108771645,0.12314935,9.590142250061035,0.4554634298608644,0.13451603
76,0.46209387315470457,0.13201803,9.667910814285278,0.45120997458483564,0.13157074
77,0.44935718484988485,0.12911426,9.74767780303955,0.44999416614624566,0.11531148
78,0.4501101374550888,0.12741354,9.751895904541016,0.4503481781308402,0.12960552
79,0.4525534080487695,0.12920323,11.70062518119812,0.4458698772504515,0.116301544
80,0.45004606283020687,0.12830475,11.071238279342651,0.4468016655823683,0.12149791
81,0.4454773686175854,0.12326872,9.547313928604126,0.4504395715256444,0.11455213
82,0.4515927074586474,0.120107554,9.69340991973877,0.4514140121428507,0.12776591
83,0.44804442263185007,0.12470773,9.75136423110962,0.45012275080460346,0.11668698
84,0.4426923615756306,0.123521306,10.042124032974243,0.4447303766095286,0.11981572
85,0.44878076408459733,0.121665806,11.342276573181152,0.44413113038947655,0.11909441
86,0.4480141429645107,0.12448439,9.716720342636108,0.44597873648021225,0.120689794
87,0.4449954093595769,0.11809312,9.824931859970093,0.44619936828749474,0.13196656
88,0.4484097486903346,0.118265055,9.85374665260315,0.4467714730714787,0.12238059
89,0.4481706844365158,0.11941038,10.52978515625,0.45350130843856795,0.11694331
90,0.4514060788054456,0.12325756,12.592385292053223,0.44316596871571895,0.1284921
91,0.44639885468588214,0.119832,10.263378858566284,0.4422916563260073,0.12752788
92,0.4470494427679302,0.12314382,9.738905191421509,0.4433924470414762,0.11988526
93,0.442176328257807,0.12011793,9.69576644897461,0.4526191311075508,0.1424652
94,0.45170644503462803,0.122588426,9.925740718841553,0.44112649093635714,0.1146424
95,0.44334146765988536,0.12210453,9.872620105743408,0.44187950146153687,0.11376559
96,0.4448462529257567,0.1184939,9.843010663986206,0.44458788951535244,0.113783665
97,0.44991665033856304,0.11956285,10.14070749282837,0.44108436782925114,0.12464608
98,0.44305431259796857,0.12024483,9.845085144042969,0.4413030635293184,0.12667374
99,0.4446225496890285,0.12043036,9.867576837539673,0.44618131626993973,0.12530583
100,0.44704543186437024,0.120111525,10.732977867126465,0.44567248936981946,0.11911107
101,0.44406899249990717,0.12170857,9.852269411087036,0.44253958910146324,0.12046723
102,0.44815122307184146,0.12392051,9.81473445892334,0.45418098685247726,0.12619892
103,0.44522329553646484,0.12260829,10.197281837463379,0.44748034259771174,0.13000599
104,0.43809613966693556,0.11678182,9.81553840637207,0.4471615296527262,0.12533174
105,0.439502607370599,0.118596084,9.93507170677185,0.44189970428665576,0.1195775
106,0.4371952609298033,0.11600942,10.2238187789917,0.4396116246823671,0.1125724
107,0.44000169841989495,0.118272685,9.865553855895996,0.4456919794543103,0.13215218
108,0.43797438345739936,0.11946292,10.1199791431427,0.4396962677102963,0.11412523
109,0.44091919740518204,0.12135157,9.892121315002441,0.4447684634749235,0.11891332
110,0.4404604161476552,0.11970621,9.840630292892456,0.4441228190720061,0.11304103
111,0.4378916068877143,0.11315467,9.96479082107544,0.440848786190066,0.11571396
112,0.438428609048004,0.11584924,11.627116918563843,0.44294639473989356,0.1267368
113,0.43557413788265725,0.1157357,9.641300201416016,0.4388798485155699,0.12331804
114,0.441414163322289,0.11307541,9.795936346054077,0.4565875162339786,0.11192014
115,0.4378748200120889,0.11355984,11.172017097473145,0.4444603153796716,0.10365064
116,0.43707172679064105,0.11440845,9.953415870666504,0.4428779550714989,0.11483351
117,0.44076953546384956,0.113155805,9.899152278900146,0.4462368447818711,0.117133565
118,0.44150638958474947,0.119858235,10.600441455841064,0.4414260675999552,0.11259769
119,0.437647313832037,0.11305959,10.037820816040039,0.43871783739204756,0.11601459
120,0.4347605225040327,0.10958401,9.814934253692627,0.4448805970142018,0.11934684
121,0.432212143464775,0.10965805,10.13531494140625,0.44934022461058776,0.12458583
122,0.4338421743583963,0.114079066,9.876471996307373,0.44692460349407864,0.11926169
123,0.43742254058591795,0.11146651,9.940420627593994,0.45097664689904204,0.121664934
124,0.4372197232950987,0.11038394,9.903687953948975,0.44276902864515194,0.11799589
125,0.43750295420333707,0.117144994,10.79862356185913,0.43754675427653766,0.1295015
126,0.43433900466724196,0.11225672,9.824310779571533,0.4408231287576519,0.112586275
127,0.435310530750778,0.1132348,9.877866506576538,0.44105628549910775,0.12062092
128,0.43107900810395483,0.11165884,9.909415006637573,0.4356187389359836,0.11379113
129,0.43055633953711236,0.109687805,10.1613028049469,0.44168802898216314,0.11971339
130,0.4325462733721182,0.1154071,9.944266557693481,0.44703899192712776,0.11625166
131,0.4416560244549588,0.11299115,9.943020582199097,0.43987160739708986,0.108228944
132,0.4319464814074426,0.112409554,10.007137775421143,0.44081436691337683,0.11132301
133,0.43354373517004197,0.120206945,9.939263582229614,0.43877301351102344,0.10769761
134,0.43246191745478724,0.11442427,10.245241403579712,0.44464236888217507,0.12458442
135,0.43176526152805755,0.11306397,10.17793869972229,0.4353200212926615,0.11410663
136,0.43292082016469574,0.11610115,9.875120162963867,0.4366130997233957,0.11730131
137,0.43231546379590624,0.113104485,10.306044101715088,0.4457834480044713,0.1286857
138,0.4358726296742442,0.105793804,9.84087610244751,0.4378703780885215,0.11786382
139,0.43103587266744364,0.11569426,10.239473581314087,0.4382269627522628,0.12672901
140,0.42710063935625475,0.113865696,10.761624574661255,0.43850667758362505,0.11991904
141,0.4325713985439354,0.111938655,11.374003648757935,0.4376894114861396,0.13969941
142,0.43836587112019076,0.10894848,10.434725999832153,0.44124249577400676,0.10591268
143,0.4306330313383045,0.11181176,10.577449560165405,0.44046025138369876,0.1119075
144,0.434686900610708,0.11441344,10.61821436882019,0.4398477959292391,0.120093144
145,0.42526164542641826,0.11149422,10.559092044830322,0.4362017980727644,0.11438997
146,0.43038758340109057,0.11808027,10.114485740661621,0.43748443585316044,0.119153455
147,0.43185866800150996,0.106798865,9.530198335647583,0.46553623109843123,0.11260626
148,0.42623472327752565,0.10437069,9.694775104522705,0.4363863976137122,0.12349752
149,0.4257817960678761,0.11130136,9.486502170562744,0.4375125154634999,0.11582227
150,0.42897573251709514,0.11395597,9.471618890762329,0.4477293855111966,0.11148198
151,0.4353445237535568,0.11287569,9.460467338562012,0.4338902041807502,0.11096472
152,0.42592094538256803,0.104706116,10.275716066360474,0.43799178305632075,0.13383964
153,0.43080645990594973,0.116999604,9.807457208633423,0.44842382555549465,0.11387821
154,0.4269969409668194,0.108371146,9.413182497024536,0.4350166306269489,0.10663505
155,0.4265720143849663,0.11192029,9.472580432891846,0.4353508174986873,0.115098916
156,0.4271036603816201,0.10793678,9.476282358169556,0.4374264446682202,0.11392066
157,0.42990061167281396,0.10959005,9.463262557983398,0.43795045321184695,0.117040806
158,0.4307792644932351,0.11239983,9.526248693466187,0.43908618960969104,0.114167675
159,0.43029110821948335,0.112707384,9.72996211051941,0.4363715873166681,0.10236035
160,0.42578230443918136,0.10511783,9.52487301826477,0.43274821266759944,0.1129013
161,0.42782726020118267,0.10858922,9.562472820281982,0.43712112100421874,0.11249915
162,0.42774776153434196,0.110207446,10.783512353897095,0.4422338960426918,0.12649688
163,0.42660046075756,0.10978669,10.331510543823242,0.43583675494245916,0.11645044
164,0.4273487308719665,0.11461261,9.590004920959473,0.43519604653170707,0.111010544
165,0.42339089619305303,0.10895701,9.591485261917114,0.44280995770361664,0.121194124
166,0.4275275798249334,0.10667915,9.598190069198608,0.4399162288082574,0.12197164
167,0.4249730085867327,0.10520483,10.890623331069946,0.43321711231518345,0.10873566
168,0.42134421828053864,0.11210838,17.44686794281006,0.4316586562035563,0.11836029
169,0.4300432233519668,0.11054465,20.09232234954834,0.44166160357399725,0.116444014
170,0.42775356929426955,0.10846469,9.383156299591064,0.4347255454870845,0.10395609
171,0.42309340744291757,0.10884098,9.404133558273315,0.434534910372916,0.1120828
172,0.4232496469949486,0.10763534,9.495100975036621,0.44339351921169096,0.11159498
173,0.4271894938406687,0.11129629,9.422988653182983,0.43967939500336906,0.120268926
174,0.42468894290138004,0.105898194,9.498428106307983,0.4320746606160734,0.110549174
175,0.4231800523420051,0.114368185,9.563074350357056,0.4330808229488566,0.110948816
176,0.4249560145678569,0.11221279,9.592819929122925,0.4316837629283703,0.110988386
177,0.423598635322563,0.108207166,9.553736925125122,0.4367779832881796,0.12411221
178,0.4229179459094251,0.10600034,9.58205246925354,0.43641054634738236,0.12975726
179,0.4243077904727691,0.10876983,9.522840738296509,0.4365247695553834,0.11105576
180,0.42278126714999487,0.10847849,9.590294361114502,0.4348494827686545,0.12227564
181,0.4280071564587461,0.11310277,9.582270860671997,0.43639500013868326,0.11805319
182,0.42271207945905137,0.10964556,9.584573745727539,0.4353965014979289,0.11332415
183,0.4227714868443098,0.107684344,9.61043930053711,0.435760784110663,0.1353871
184,0.42437738351432247,0.107862905,9.604946851730347,0.43450790633558617,0.11276878
185,0.4227511623940495,0.108973786,9.580262184143066,0.4366516785429514,0.11748798
186,0.4240119152406679,0.10915674,10.518555164337158,0.4343106258446487,0.11352729
187,0.4221439273018183,0.10736624,10.301348686218262,0.4379847021299088,0.12113201
188,0.42540169677624873,0.111360736,9.380239248275757,0.4312535092867949,0.116093464
189,0.42119452156490844,0.10414603,9.478630065917969,0.4349288186018502,0.118765384
190,0.42081898550036184,0.10635155,9.562994956970215,0.4340882722393504,0.11383828
191,0.4181956280986118,0.10395676,9.541210651397705,0.43403131651537874,0.118479416
192,0.42230721831110957,0.10845205,9.560874462127686,0.43477943822746573,0.11546044
193,0.4296189227132628,0.10790282,9.634087800979614,0.44863975497582703,0.11991387
194,0.4234902781227596,0.107902385,10.10508680343628,0.45370369183899634,0.11053021
195,0.4280106628512732,0.108714834,9.765325784683228,0.42999765821477665,0.12216719
196,0.4223821018123425,0.10785824,9.573956727981567,0.4389938451002666,0.12221927
197,0.41742537617949754,0.10782172,9.595690965652466,0.43619823611256864,0.12140701
198,0.4197569926621482,0.10255171,9.620884895324707,0.43311425227771927,0.10914341
199,0.4209093273424824,0.10636892,9.646792650222778,0.4391471265185978,0.11029474
