epoch,loss,pion_con,train_time,val_loss,val_pion_con
0,0.9149974268172616,0.3671529,9.259120464324951,0.7955183222884834,0.32133293
1,0.7554361592773486,0.30195206,8.898505926132202,0.7100848074958098,0.2968922
2,0.6976538757678871,0.29363558,9.033704280853271,0.6617002914568795,0.27857763
3,0.6532519910855772,0.26519197,8.934520721435547,0.6264773429027831,0.24354535
4,0.6324753909588036,0.2551294,9.293646335601807,0.6063313091684871,0.22957139
5,0.6114180566225995,0.23686357,9.08841848373413,0.592168637397783,0.19855653
6,0.5876539715468341,0.21125238,9.269006252288818,0.5787998486481245,0.19125926
7,0.5867319880482412,0.22033867,9.135432243347168,0.5644877448328415,0.18004112
8,0.5719884018128758,0.20513633,9.079439640045166,0.5762242229140482,0.1844578
9,0.5709361878675582,0.19305179,8.987494945526123,0.5453764893091767,0.19699258
10,0.5608639000366359,0.1946325,8.996110916137695,0.5590881687530406,0.19347318
11,0.5548741365277639,0.1846231,9.994228601455688,0.5475100056770827,0.16730261
12,0.546732621579851,0.18915763,9.149708032608032,0.5201851975224692,0.16398525
13,0.5403561452235932,0.17971067,8.910668849945068,0.5207978418756204,0.17236957
14,0.5325104674551185,0.17712845,8.906437397003174,0.5093515525947254,0.16655433
15,0.5312945509133623,0.17525609,8.91244888305664,0.5117250973049048,0.16536306
16,0.5288583656120823,0.16885537,8.873861074447632,0.5060582759549771,0.14998154
17,0.5201993166516788,0.16133992,8.951603174209595,0.4903070089809751,0.15272138
18,0.5259399129686587,0.16112573,8.794820070266724,0.5573042125918354,0.1617201
19,0.5103430203720428,0.16574763,8.948211431503296,0.49352480940817167,0.15093152
20,0.5022558315779811,0.1597081,8.92894983291626,0.4848808367857922,0.13268319
21,0.5084389547194301,0.15567976,8.774941682815552,0.5045640686019591,0.14694472
22,0.5010110619384471,0.14948435,8.774519681930542,0.5063066723435073,0.14679332
23,0.5048606506260601,0.15770918,8.745136022567749,0.47979977657826567,0.14019188
24,0.5004407740720181,0.1493968,8.802716970443726,0.4825185754780703,0.13541393
25,0.4946380247815415,0.1455528,8.74885630607605,0.4715345948215084,0.14157957
26,0.4864032028558471,0.14267322,8.811229467391968,0.4766641406046619,0.13599618
27,0.48406698329098835,0.14888123,8.981186389923096,0.4664645462083152,0.14396559
28,0.4854338001983481,0.14437859,8.886373043060303,0.4760284242642976,0.13717306
29,0.48324184528281144,0.14713612,8.863099336624146,0.46932904534257214,0.1365668
30,0.4751288137937847,0.13946211,8.879718780517578,0.47759309838070263,0.12897821
31,0.4823395651434498,0.13778467,8.852815628051758,0.46802368723426047,0.12675282
32,0.47653086594793587,0.13723513,8.806252241134644,0.4716049044645388,0.13548042
33,0.47513285270067696,0.13322717,8.897584676742554,0.46179062677297167,0.122566834
34,0.4772980163781357,0.13300039,8.79388427734375,0.45852314742679134,0.119717516
35,0.46855990733389036,0.13415036,8.832659721374512,0.4532734527023663,0.13103506
36,0.466422262494202,0.124501795,8.84730839729309,0.5020266546476702,0.12648842
37,0.46934042640291085,0.13160817,8.779962062835693,0.45757396654667637,0.11904693
38,0.4733337966563071,0.13704115,8.829103231430054,0.45638259506598494,0.12725419
39,0.46358358328251326,0.13035466,8.834002017974854,0.4555475148182668,0.12827614
40,0.4655258429600275,0.12808523,8.851671934127808,0.45184832985244694,0.12777472
41,0.46154178928051387,0.12539516,8.822808742523193,0.45961864285629567,0.12091666
42,0.4630694092066963,0.1282773,8.82895541191101,0.45356006498484336,0.12045567
43,0.4550986949843169,0.12390449,8.812973976135254,0.44735994770671994,0.11619725
44,0.45922384943512506,0.12439999,8.77505874633789,0.4540540145858945,0.11833997
45,0.4549509289590269,0.12073362,8.858537912368774,0.47044718826923676,0.12334286
46,0.4587244109485702,0.12033956,8.852256536483765,0.4589141795745475,0.11679927
47,0.45476308181577635,0.120404094,8.910260200500488,0.4479016647700427,0.12123479
48,0.4514025053546533,0.11851019,8.991541862487793,0.4664376385112232,0.120668575
49,0.45751804559169335,0.12131602,8.8601233959198,0.4720038702600629,0.12791465
50,0.45174841994713144,0.11893934,8.933993339538574,0.4449803816729036,0.124157615
51,0.4460915757318529,0.12028171,8.87907862663269,0.44323191516701765,0.12648657
52,0.45221361611416616,0.119746916,8.85025429725647,0.44788257812853777,0.120905235
53,0.4461144969822382,0.116385,8.873764991760254,0.45281665629774726,0.12481123
54,0.444128267798651,0.114282176,8.890563488006592,0.45060914389659906,0.1317328
55,0.44384511268075655,0.11856491,8.850592613220215,0.4511744061646434,0.11635105
56,0.44364258151215025,0.112859204,8.90828537940979,0.4458884285607738,0.12358449
57,0.44410498411459814,0.11351843,8.886926651000977,0.4432293260271798,0.11094342
58,0.43989679858420555,0.11084048,8.851253986358643,0.45264345584617754,0.118541524
59,0.4462814303574782,0.1196203,8.901770830154419,0.44928294273308045,0.11626973
60,0.44325730099954763,0.116905674,8.919997692108154,0.4550587435637717,0.10976932
61,0.44135779035320455,0.11367075,9.016330003738403,0.443393210665947,0.11376235
62,0.43918492780325863,0.11010324,8.908812999725342,0.44644399986547584,0.12006778
63,0.434794621791976,0.10926331,8.87244462966919,0.4394563498443505,0.11032051
64,0.4405084056570393,0.1125242,8.884716272354126,0.45188006267220093,0.10877625
65,0.43656524182111733,0.11063636,8.886887311935425,0.4415973948868956,0.123599924
66,0.43229215771335633,0.10689086,8.900763511657715,0.45306639519527386,0.1136055
67,0.4370674044070413,0.1118901,8.899205923080444,0.44026495248271835,0.1153152
68,0.4348355625040806,0.110840775,8.802146673202515,0.44393541642858314,0.119239494
69,0.43341272192120756,0.10892543,8.860034942626953,0.44988458282847826,0.115799494
70,0.4289779281430232,0.10951168,8.820619821548462,0.4506908210006469,0.11059466
71,0.4266235537052442,0.10710766,8.842527151107788,0.44271019959846997,0.115290776
72,0.4298604795896454,0.10829583,8.812217473983765,0.4402254883325331,0.10543385
73,0.43286249039125463,0.113711014,8.859668016433716,0.4613498098730271,0.10409956
74,0.4342500362303876,0.10892259,8.843072414398193,0.47769511476822835,0.10786663
75,0.4309472758085921,0.10874313,8.788159132003784,0.4369875411584401,0.10936108
76,0.42984016938365727,0.107485585,8.808445453643799,0.44470468768454136,0.11614209
77,0.43017624524351583,0.10349986,8.804393768310547,0.4531784077782649,0.11422895
78,0.431795801090107,0.10895146,8.834858179092407,0.44126810353655915,0.10880111
79,0.4242776778521049,0.10378036,8.793444395065308,0.43366046437435674,0.10437409
80,0.4260449615080415,0.09962127,9.0009446144104,0.45053547709136543,0.11261894
81,0.42867420409519263,0.105622046,8.902076959609985,0.44698646100594536,0.12072254
82,0.43563113144424165,0.108149245,8.91225552558899,0.4389934988157233,0.10766051
83,0.42321261255721343,0.1056971,8.886773347854614,0.4458391133496973,0.11677205
84,0.43484794375272096,0.108917065,8.860442161560059,0.4371683864133855,0.11289376
85,0.4317598930708406,0.101364076,8.970298767089844,0.44007474830344356,0.115707085
86,0.4254339515105597,0.11027926,8.865435361862183,0.44111172158026607,0.10571536
87,0.422806705703906,0.10124543,8.97038984298706,0.48104613967510923,0.11486448
88,0.42628267759977656,0.1020827,8.949542999267578,0.44533315694319964,0.110782765
89,0.42894978997847305,0.10778572,8.799012660980225,0.4646127856474918,0.11220708
90,0.43287142271256357,0.105329864,8.88062834739685,0.4359735347510438,0.110752076
91,0.42564325353682897,0.105310485,8.849841117858887,0.4402890450712857,0.11137795
92,0.4239479885799653,0.103164256,8.881746530532837,0.43957750446048166,0.11782456
93,0.42123796074122816,0.099809684,8.915048122406006,0.4401748008932317,0.11855857
94,0.42710233330946645,0.10304025,8.955752849578857,0.44551928988811473,0.11155713
95,0.4161510846857374,0.10218554,8.947722673416138,0.43269015576554903,0.10775612
96,0.4198321142218148,0.09945906,8.909256219863892,0.45100226248863073,0.10824895
97,0.41579833355827456,0.09993673,8.896904945373535,0.43693628766754783,0.11026112
98,0.4202302810806296,0.10494666,8.921226501464844,0.45552953651915273,0.10182277
99,0.42235793681714556,0.10038753,8.888806819915771,0.44282640019714814,0.108951405
100,0.4354605878735341,0.10189437,8.749564170837402,0.44457592139516466,0.11157653
101,0.41948268553710905,0.10405197,8.803459882736206,0.4309627148477612,0.10964576
102,0.4202622963634042,0.099520795,8.932750940322876,0.4466693650699318,0.11871673
103,0.41875782257062455,0.100670226,8.92439341545105,0.43569135912337786,0.11678291
104,0.42037951002816526,0.099564515,8.904359817504883,0.455170056545098,0.1151761
105,0.4217219031619529,0.10838937,8.824141502380371,0.43119852091738337,0.10702236
106,0.4200014447503967,0.10027206,8.86386489868164,0.44848621917881554,0.11759057
107,0.418040379089481,0.09997075,8.944535970687866,0.44701475109506,0.112289764
108,0.4154117149259709,0.09699327,8.964502096176147,0.4339725976835826,0.10696941
109,0.41466983740479496,0.09867369,8.865088701248169,0.44090805667794836,0.10918501
110,0.4211740727382562,0.09986265,8.865504264831543,0.43981616979997523,0.11645259
111,0.41731227342581373,0.103645526,8.76152229309082,0.4346785882507527,0.10398942
112,0.4124347446753242,0.098405436,3903.5873193740845,0.4384703363560771,0.11187437
113,0.42326946206179084,0.101204835,11.06071400642395,0.4540213700947572,0.108628765
114,0.4164158649380287,0.09853458,9.413465976715088,0.43197614903030085,0.10300273
115,0.4155063110407824,0.0964395,10.31465196609497,0.43800128292810425,0.11122601
116,0.4102288811466122,0.097446755,9.133170366287231,0.4405026316480627,0.109291054
117,0.4158648926584437,0.09930313,9.024698495864868,0.4476707159540597,0.10404546
118,0.41275227032508466,0.096170075,8.963344097137451,0.4668119518945753,0.11301394
119,0.41259698045102977,0.095494084,9.08440375328064,0.4314035878907819,0.104451075
120,0.41462126891360235,0.10245718,8.945229530334473,0.43739317158418867,0.11041392
121,0.41147430186130757,0.0998591,8.816609859466553,0.4377560520792283,0.10989703
122,0.4146046043994074,0.09398351,8.763318300247192,0.4313206395763234,0.102884345
123,0.41271252921913415,0.097276405,8.790563106536865,0.4414468329745626,0.09918446
124,0.4131822691769776,0.096502595,9.151563882827759,0.4308485161200222,0.10855217
125,0.4111729902475224,0.097122416,9.018276691436768,0.4380381201793855,0.120451644
126,0.41117721071633956,0.098921455,8.796442747116089,0.4436800845968038,0.1093888
127,0.41199545268331905,0.09751185,8.925201892852783,0.4379298990820995,0.10853836
128,0.4146799215058737,0.10027239,8.819067239761353,0.43240773154942613,0.11400794
129,0.4123254419832218,0.09428802,8.927471160888672,0.43305777196209677,0.11432351
130,0.4087418301651948,0.09753372,8.891143083572388,0.4322937219392601,0.10245432
131,0.4067228421114636,0.09198276,8.932196855545044,0.4418165239923789,0.117526904
132,0.4181357034270017,0.09717866,8.930330753326416,0.44004914864760925,0.1066591
133,0.41253057278853256,0.093852356,8.777986288070679,0.45384699454399974,0.11324286
134,0.4141883967712347,0.096642956,8.863933801651001,0.4411402295962032,0.10128425
135,0.4152927802733527,0.09688448,8.837793111801147,0.4706250796874175,0.11500533
136,0.4216124131710755,0.1002798,8.789194822311401,0.43855959529862115,0.10764686
137,0.40624196903291165,0.093547076,8.791056156158447,0.43903954553993246,0.10908513
138,0.4145453327235411,0.097536616,9.12428879737854,0.4315515040895315,0.11208345
139,0.4033213572685243,0.09127723,9.136372804641724,0.4357240363920031,0.10895695
140,0.4037190123045438,0.09431942,9.143662929534912,0.43153754728904836,0.103539616
141,0.4118323804594708,0.09639805,8.835388660430908,0.4354821496251407,0.115588024
142,0.40755700735605693,0.09602364,8.865031242370605,0.4321316992798779,0.10593949
143,0.40935513736350726,0.093508266,8.84828233718872,0.4662884088630216,0.103416674
144,0.40919012487419876,0.09276878,8.84643030166626,0.4338714802804264,0.10460577
145,0.4042322673182187,0.09400453,8.970205783843994,0.4274298152563646,0.10941016
146,0.4086825230659584,0.09380009,9.222463846206665,0.4397642018761776,0.10514553
147,0.4091636759908131,0.092953995,8.900689125061035,0.43194911419960236,0.11319611
148,0.41081154613853765,0.09641771,8.906973838806152,0.432568873379434,0.10926317
149,0.4078193186748989,0.096699834,9.675281763076782,0.4339504695189968,0.107889436
150,0.4083946043579623,0.10152097,9.030396461486816,0.45697284837496277,0.10162031
151,0.40938491657868736,0.09218431,8.917731761932373,0.46874882305248056,0.113889374
152,0.41150446016080094,0.09566274,8.848529815673828,0.4319818030284076,0.11315391
153,0.414354781571477,0.0991244,8.87027645111084,0.43479290706938684,0.10893203
154,0.4087729851393246,0.095634736,8.82692289352417,0.4442868347295244,0.11018935
155,0.4128560252868794,0.09462826,8.791071653366089,0.4365556754270649,0.10521789
156,0.40153319161438206,0.095662326,8.84350061416626,0.43563895493249266,0.11130834
157,0.4098802618539803,0.09601567,8.813860893249512,0.44311758951847346,0.111235335
158,0.4024931750212362,0.08932446,8.81707215309143,0.45181719133822296,0.111437134
159,0.4045129064226259,0.0940193,8.80850100517273,0.4401688390060251,0.117237024
160,0.40966913991045667,0.09149237,8.853382587432861,0.4445253682537818,0.10280188
161,0.40770822978835425,0.09299826,8.799518346786499,0.44253466709338657,0.10548405
162,0.40904594282092666,0.09573951,8.810583353042603,0.4416119560746261,0.11825187
163,0.41060770933569396,0.09192989,8.86148452758789,0.4391638809302679,0.108425
164,0.4158455778526868,0.09775529,8.759806394577026,0.4552993112399196,0.11584009
165,0.404629651276492,0.098200776,8.818137168884277,0.4315923788056249,0.10520126
166,0.4026765986622458,0.095495544,8.827390432357788,0.43365566967215435,0.11620603
167,0.4038843091170753,0.08949824,8.865488290786743,0.431633987452294,0.102776386
168,0.41197527277006657,0.092437156,8.833892822265625,0.43174455305703924,0.10528517
169,0.4031515083939989,0.087823346,8.81864309310913,0.45550388973288614,0.10662389
170,0.40662729615134147,0.09095093,8.816832542419434,0.4437322240891565,0.10692069
171,0.4034528607100058,0.09480523,8.837334632873535,0.43160162431696814,0.11442013
172,0.4008193201891911,0.08771525,8.839988708496094,0.4403760042453209,0.11086073
173,0.40956066831932186,0.097249456,8.84290337562561,0.44526713259850015,0.10139919
174,0.402242567142893,0.09209374,8.861453771591187,0.43939339010053163,0.11153273
175,0.40139235496979575,0.0909544,8.819948673248291,0.4726185903545952,0.1009646
176,0.4049848631854953,0.08881531,8.849759101867676,0.4279441881487865,0.10623263
177,0.40396934924757766,0.0918454,8.884171724319458,0.43779168695424214,0.124612026
178,0.4065008547198087,0.09937463,8.840901136398315,0.4323521734236536,0.10808888
179,0.40760294757608984,0.093019485,8.867416143417358,0.4558047535467294,0.1249191
180,0.4011282261261767,0.089637734,8.82866358757019,0.431918197108223,0.1075286
181,0.41042535282754394,0.09783466,8.998963356018066,0.4323887613041796,0.10432358
182,0.4001375930923187,0.08992646,8.87861180305481,0.4349882406286138,0.1035006
183,0.4030826803256201,0.088786624,8.812500238418579,0.43481486141783005,0.10395772
184,0.3980305617481325,0.0906517,9.217482805252075,0.4292761850057107,0.10124582
185,0.406478551713451,0.09577997,8.838324069976807,0.4307422177214397,0.10663648
186,0.40265120880149985,0.090085395,8.853870153427124,0.430626853563801,0.1067736
187,0.40654525916110534,0.089792885,8.8247709274292,0.4322260718267007,0.11599152
188,0.4048497102000544,0.09182572,8.83955717086792,0.43533710086074096,0.10265826
189,0.4002221461139915,0.094388224,8.826464891433716,0.4327701627275888,0.098839365
190,0.4040521749053141,0.09398724,8.847601413726807,0.4351049844402312,0.1064425
191,0.39969151465507075,0.0943916,8.910502433776855,0.43637238648504434,0.10638414
192,0.4012232228465954,0.09426527,8.823017358779907,0.43178821952518903,0.11181534
193,0.40660931527381833,0.09051998,8.836979866027832,0.43217042812438533,0.120117515
194,0.4020616028144707,0.09238804,8.740938186645508,0.4314760024512718,0.11102589
195,0.3981396330827061,0.09127098,8.75004529953003,0.43660176856831523,0.105408296
196,0.40246376070284035,0.09087679,8.737625360488892,0.43161497843869484,0.111236
197,0.3973767105251489,0.09016469,15.58955717086792,0.43346681268147896,0.10763113
198,0.3990226082201407,0.08836447,16.891199350357056,0.4439371899413803,0.11007041
199,0.40616883430284373,0.09271201,16.16436791419983,0.4461804451645738,0.11283427
