epoch,loss,pion_con,train_time,val_loss,val_pion_con
0,0.9439182506857159,0.35935166,10.247110843658447,0.8190989675022476,0.2972932
1,0.7812396955715696,0.28730097,9.342973709106445,0.7764317990362705,0.27561104
2,0.7198027888167206,0.27166143,9.21485161781311,0.7162218645169435,0.2706481
3,0.6398044678839759,0.25245208,9.369759798049927,0.6473573833653328,0.24677652
4,0.6089882663197654,0.22189733,9.317887783050537,0.727270922872413,0.25918713
5,0.5909481983236601,0.21948293,9.32981014251709,0.6000439428667032,0.2448897
6,0.572655998360726,0.2084858,9.335558891296387,0.6008037964205724,0.23983425
7,0.5618659840646918,0.19666359,9.319238424301147,0.5855723267183625,0.23599336
8,0.5486568931144006,0.19001548,9.338082075119019,0.5755858410138412,0.2154986
9,0.5455326857866947,0.18499748,9.297760963439941,0.5776284739015379,0.22742732
10,0.5317509262611501,0.17950013,9.474523067474365,0.5666464228688435,0.21167359
11,0.5238762229773077,0.17219326,9.342084884643555,0.5774256072211371,0.20511506
12,0.5184701491736496,0.16556147,9.281790971755981,0.5547980672808093,0.20512405
13,0.508836560501222,0.16519971,9.297903537750244,0.5541725378707735,0.19324732
14,0.5083936775850029,0.16282372,9.250225067138672,0.5440747526055978,0.18767466
15,0.5013551254836742,0.15276356,9.29328179359436,0.5421678802424732,0.17088135
16,0.4931502145250057,0.15127893,9.240382432937622,0.536549446766006,0.18317924
17,0.4877190307167476,0.150063,9.363243341445923,0.545601728918276,0.1833456
18,0.4866992242027637,0.14590245,9.292726039886475,0.575559894874849,0.19421794
19,0.4938593085888756,0.13989903,9.26689887046814,0.5198876065366408,0.1795495
20,0.47929516026118685,0.14031969,9.249748229980469,0.5292747900462483,0.17193983
21,0.46805544094987395,0.13115326,9.267142057418823,0.5182192541798213,0.16895624
22,0.46600092345455424,0.1326329,9.250093460083008,0.525654874874272,0.18337259
23,0.46866281953168043,0.13437727,9.270128726959229,0.5191134702608076,0.16821598
24,0.47113353659185286,0.12917514,9.322059631347656,0.5213891176656978,0.17559925
25,0.4687555257284339,0.12866728,9.29452395439148,0.5056033736972004,0.17760158
26,0.4546589051520752,0.12735556,9.453815221786499,0.5065196390258986,0.16498213
27,0.4545110168151498,0.11963033,9.395559787750244,0.5089448415434551,0.17811415
28,0.4474123589284415,0.12204079,10.104909658432007,0.5090802783951472,0.16313235
29,0.4483851365827142,0.122962914,9.276135206222534,0.5099258916145358,0.16169749
30,0.444805680596088,0.118355416,9.282825946807861,0.5354699700918785,0.17806245
31,0.4471630493077238,0.118571065,9.325096845626831,0.5045818912115522,0.15490581
32,0.4419548663194669,0.1167881,9.322247505187988,0.5079759548651609,0.15681347
33,0.44825376772618375,0.12028721,9.276309251785278,0.4980515746185059,0.15494947
34,0.4479661299489798,0.11885005,9.379600048065186,0.546260132448319,0.15327606
35,0.4434772196140472,0.11302577,9.266104936599731,0.49826387391127686,0.17215323
36,0.43361585178176715,0.11158239,9.291841745376587,0.512043512463367,0.1705297
37,0.4370638305851023,0.106814004,9.35040807723999,0.4981271171744119,0.14592971
38,0.43808572119979194,0.10980147,9.319646835327148,0.5069575166791445,0.16929027
39,0.426267077050088,0.109167576,9.24661111831665,0.49662767082847975,0.16731726
40,0.43321973994683755,0.10716879,9.272621631622314,0.5124741591753825,0.1565616
41,0.43076268476722923,0.11192932,9.222180843353271,0.5168576036655591,0.14830796
42,0.432320659036497,0.10472984,9.246844291687012,0.5026511751989328,0.14741044
43,0.42515904947625216,0.10367418,9.272263050079346,0.5048895831154302,0.14909945
44,0.4250763654268813,0.1080143,9.837795972824097,0.4902198798536484,0.15785588
45,0.4329167182746242,0.10569731,12.548218727111816,0.4932057420520789,0.14947441
46,0.42157372071187116,0.100392364,11.131794929504395,0.49483008912451937,0.14664014
47,0.4183017659596331,0.10137592,10.09818434715271,0.4956893353671373,0.16356261
48,0.41718057273871156,0.10420358,9.286015510559082,0.4962141254409484,0.1632426
49,0.42371065739219227,0.10198082,9.294937133789062,0.49766519737057197,0.14290746
50,0.42143863994427055,0.10081383,9.36657977104187,0.49260742109432304,0.1436091
51,0.42050984301326855,0.09885436,9.219042778015137,0.5379983610014087,0.16282062
52,0.41296501304397787,0.099919096,9.490425825119019,0.490570190474923,0.14055572
53,0.4146446219308582,0.09546636,9.264582395553589,0.5042309263457007,0.14857568
54,0.4118319507284061,0.09740991,9.534261703491211,0.48585808133843883,0.14198521
55,0.4118970109977475,0.09360569,9.696468830108643,0.4965133468985598,0.15781112
56,0.4123305949310451,0.09522009,9.299656629562378,0.5610627881769662,0.14656295
57,0.42885293588799317,0.099660024,9.280951738357544,0.5057974699564184,0.13749598
58,0.41732161245841054,0.0948328,9.263713598251343,0.4914244811415713,0.16232267
59,0.4068232091500435,0.096734695,9.24806809425354,0.49687526153893913,0.15014987
60,0.4037207766268109,0.090271406,9.341695547103882,0.4976189650106252,0.16121934
61,0.4052301108893871,0.091982655,9.27508020401001,0.49394023988328795,0.12937252
62,0.40766243952459125,0.09441927,9.210270881652832,0.5522170711885055,0.16736136
63,0.4087928666431522,0.08956201,9.290929794311523,0.4917349494707418,0.13761732
64,0.39891290801782875,0.09645106,9.226891279220581,0.4852389514669193,0.13947493
65,0.398282536087652,0.08993159,9.236937046051025,0.4886165650107349,0.14098124
66,0.40190665224082023,0.091632396,9.220241069793701,0.49116692063314743,0.14394794
67,0.4046450548017424,0.090650216,9.25846552848816,0.5037343671434552,0.13114692
68,0.40237690292770545,0.08931585,9.20350980758667,0.4898499196907648,0.13977988
69,0.39925173620909843,0.090379104,9.28793478012085,0.4866245411156554,0.14498933
70,0.3969539782299693,0.083115794,9.325174570083618,0.5083530910726065,0.15769507
71,0.39880657946675974,0.08949642,9.776267528533936,0.4894473372653649,0.15031753
72,0.3920987873162994,0.083493136,10.154027938842773,0.5043616246747468,0.14781399
73,0.3988719264361679,0.08841013,9.7880699634552,0.5043061741838971,0.1533055
74,0.3952590070817018,0.08926041,9.769032001495361,0.503248671669005,0.15393485
75,0.3934847409311404,0.088929355,9.134167909622192,0.48399177362666734,0.15862927
76,0.3945830712492865,0.08402073,9.131143569946289,0.5017010007027013,0.12628715
77,0.40498843894944025,0.08596704,9.41701889038086,0.5143009139704323,0.14267015
78,0.39379552460551037,0.085424826,9.227517127990723,0.48528849065445673,0.15136245
79,0.39236691878476593,0.082601555,9.604131937026978,0.5284352682634748,0.16575837
80,0.3904308780223836,0.08422852,9.131316423416138,0.48966921426049304,0.13031404
81,0.38879441119533176,0.08291172,10.193201065063477,0.5311669955647588,0.15833369
82,0.38752146688859923,0.08186418,11.260772466659546,0.5317439494672903,0.15411642
83,0.3956931072591297,0.08075342,12.370910167694092,0.4946401248047928,0.14158301
84,0.39267233388495854,0.079841755,9.61719298362732,0.49574379467793933,0.13873354
85,0.3921617176381924,0.08386066,9.348438739776611,0.4805763938867977,0.13433805
86,0.38411094513279637,0.08135367,9.3620023727417,0.49792366894440193,0.1545715
87,0.38666473958887443,0.07665883,9.352766752243042,0.5249146918462515,0.16133983
88,0.389132148745279,0.082017675,9.449666976928711,0.5411412088654552,0.14171386
89,0.3892796848460947,0.07977087,9.356268882751465,0.5017295873234038,0.14237775
90,0.38219864395744924,0.079564236,9.398641586303711,0.49590601686392055,0.13691221
91,0.3783289174194836,0.07796504,9.389716386795044,0.4931744699614342,0.168291
92,0.38215562101311035,0.0807191,9.438498258590698,0.48244371244348827,0.1393672
93,0.38042858502849136,0.08084632,9.428406476974487,0.486571026738101,0.1367918
94,0.38241081800326204,0.077434555,9.481664657592773,0.5109208677707583,0.14876893
95,0.37701053710787585,0.07910246,10.274641513824463,0.4959497079683866,0.15603887
96,0.3778401721562813,0.07980469,9.39848780632019,0.49937497238365414,0.13504718
97,0.3784345051149614,0.08147147,9.358484506607056,0.5144023569860008,0.15745716
98,0.38212578409591863,0.07943262,9.416089534759521,0.4943505442778864,0.14510685
99,0.377372519381224,0.07781099,9.374847173690796,0.5405739778282285,0.16580231
100,0.38153644000813886,0.07634077,9.496699571609497,0.4997823581915249,0.13513191
101,0.38050379093687703,0.07652307,9.579060792922974,0.5363390117792481,0.157609
102,0.37804539916500113,0.07864446,9.914161205291748,0.5265101051622408,0.13182007
103,0.38211642219698316,0.079030246,10.48504114151001,0.521768281720034,0.12766144
104,0.37841444656260675,0.07916924,9.824426174163818,0.4909107454250314,0.1389138
105,0.38021808748041797,0.080943875,9.601954460144043,0.4867267193294877,0.13733245
106,0.37346394819829876,0.076431856,9.838655710220337,0.49464577290931555,0.1478791
107,0.3803437734791556,0.07925823,9.493918895721436,0.5168032408632093,0.15031296
108,0.37600750243720993,0.07469603,9.484252214431763,0.5322713167275834,0.14797513
109,0.3713019118284749,0.07383517,9.774583578109741,0.4968576808115205,0.13793255
110,0.3702173122029852,0.07541943,9.619745254516602,0.4974402572783594,0.1406605
111,0.3698254556719668,0.0734775,9.448663711547852,0.4996204299936486,0.13166445
112,0.37646856252351935,0.07570034,9.394494533538818,0.4920061064573098,0.13548045
113,0.37458191746581126,0.07400471,9.427927017211914,0.4918964078214776,0.14040662
114,0.37506957503717775,0.07414192,9.540807008743286,0.4944860428257566,0.14705056
115,0.37096001226270053,0.073388755,9.472820043563843,0.49648302966175906,0.14051765
116,0.3658140492529364,0.07080487,9.416738986968994,0.5193110334715119,0.14183913
117,0.366895353740713,0.074702,9.520600080490112,0.5099297085735758,0.15415056
118,0.37512759071576124,0.075381614,9.436212062835693,0.5326102065213154,0.15155926
119,0.3747773455547709,0.072817296,9.984620332717896,0.4917210602792742,0.13132021
120,0.3714399451127508,0.07267314,9.500343322753906,0.5016433692047362,0.13156234
121,0.368764249536087,0.071460545,9.525407075881958,0.5305971680186874,0.14757028
122,0.37101334158152893,0.072507426,9.602478981018066,0.5037806621541462,0.14770952
123,0.3733924756527957,0.07424773,9.387731075286865,0.4892947913472728,0.14219986
124,0.36868156501424243,0.0702661,9.559929370880127,0.5142422456840235,0.13519682
125,0.37390782545921036,0.070792,9.620118379592896,0.4992597365736029,0.13251646
126,0.366922735114106,0.071551055,10.586174249649048,0.49887109789788336,0.1380667
127,0.3669848701411284,0.07084194,10.737773895263672,0.506683604774407,0.15272255
128,0.3646599503533993,0.07029173,9.468068838119507,0.5190340076425942,0.15521291
129,0.3695034289016808,0.071739905,9.590336322784424,0.5154763508313207,0.15165378
130,0.3731688728966375,0.06877973,9.524450778961182,0.5338590593777397,0.17240843
131,0.3631359662862297,0.06925177,9.590020418167114,0.502001141597932,0.13476102
132,0.36531813714466305,0.07111483,9.589245080947876,0.49935599800600805,0.14265673
133,0.3590480518310724,0.067840554,9.953052759170532,0.49608785164108976,0.14023545
134,0.35842313760237743,0.07023742,9.460528373718262,0.5054102340975979,0.13961448
135,0.36072321427178555,0.07118024,9.55248236656189,0.5004526641205921,0.15049034
136,0.3586999170996176,0.06911779,9.668518304824829,0.5158377821937543,0.14623067
137,0.36418211336320777,0.06945419,9.711641073226929,0.5195758880076462,0.16809061
138,0.36244925367962116,0.06789025,11.527276277542114,0.5180032029763163,0.16702355
139,0.3596142363627951,0.069667034,9.628598690032959,0.5070604079355799,0.1440846
140,0.3605465057128,0.067750834,9.578278303146362,0.5032656949420075,0.16154824
141,0.3599780373890046,0.06836707,10.466798782348633,0.5103064320558434,0.15913872
142,0.3579643607412881,0.07085944,9.804790496826172,0.5356525275181119,0.16866878
143,0.36544671242328947,0.072221205,9.385767936706543,0.4924406042454884,0.14256682
144,0.36153938277045516,0.06409915,9.311093091964722,0.6047189559266909,0.15765469
145,0.36468748304576676,0.06670899,9.361668348312378,0.5029437504873434,0.14441206
146,0.3600816256318449,0.069413766,9.520544052124023,0.5286192049890179,0.13377167
147,0.36461314817685375,0.06905471,11.38349962234497,0.5071479297928646,0.13973232
148,0.3590649484850413,0.06884849,11.419944524765015,0.5015082592422644,0.13767664
149,0.3588134268581484,0.06912798,10.820307493209839,0.5060722509601091,0.15972951
150,0.3581685848527304,0.066625565,9.355556011199951,0.555226627315481,0.15681
151,0.35787021925621176,0.07092025,9.368228435516357,0.5174800028123243,0.14318027
152,0.3569624656135541,0.064851455,9.488480806350708,0.5055722185500177,0.13278867
153,0.35523023357251654,0.0647535,9.523883819580078,0.5043081511813984,0.16174498
154,0.3578848861231284,0.07047841,9.79213571548462,0.5147407819911842,0.14502603
155,0.35747622317888544,0.06734983,9.514932870864868,0.5427415469214852,0.18606932
156,0.3579898627068474,0.06993339,11.111072301864624,0.5095659054347099,0.14136225
157,0.36150685624852935,0.0710278,12.014482021331787,0.501545934572142,0.13755493
158,0.35527210584878854,0.06923954,10.13884711265564,0.5058160055822679,0.15919016
159,0.35602849143533566,0.06479604,9.465714931488037,0.5016647036081266,0.13820806
160,0.35541181636730707,0.06472644,9.363908290863037,0.5490471746880196,0.14708513
161,0.3544673949450527,0.06663857,9.487122058868408,0.512116533179382,0.1593353
162,0.3549515089947529,0.066146195,9.663228750228882,0.529075218507604,0.16833754
163,0.3595306416307427,0.06442914,9.591421127319336,0.5134062292623666,0.15534215
164,0.3514002679826608,0.06643718,9.40511155128479,0.5278610055035614,0.15929124
165,0.35380781281613033,0.06578475,9.470603466033936,0.5094512506858381,0.13779113
166,0.3492925232326803,0.06391836,10.638763666152954,0.5128201839024824,0.15639213
167,0.35308852979559757,0.06409653,9.332397699356079,0.519554073443343,0.1647617
168,0.3542634394134993,0.065086156,9.421602010726929,0.5017477535240831,0.1427708
169,0.35529994843875623,0.06455968,10.47045636177063,0.4977518120253017,0.13010035
170,0.3662510625209602,0.06770785,11.188356876373291,0.5040919776475175,0.15421405
171,0.35372939556753125,0.06470002,10.79786992073059,0.5159470759152313,0.1332502
172,0.3582028031050412,0.0654315,10.437302112579346,0.5126696114514159,0.1545778
173,0.349518183603223,0.063164555,10.803272247314453,0.4969958341271648,0.16210204
174,0.35036366166487337,0.06459622,10.226414680480957,0.5108623640101931,0.13953552
175,0.35193638956425655,0.06310133,10.401777744293213,0.49569064032986876,0.14251786
176,0.35102691142666653,0.06756685,11.80189299583435,0.5058308378282512,0.12528571
177,0.35392495926397693,0.06379606,12.418810844421387,0.5174054778116732,0.1483268
178,0.3477554612578378,0.06368964,14.588433265686035,0.5270826324643184,0.15219468
179,0.348108023934871,0.062124163,14.00821590423584,0.5120760565892809,0.14845808
180,0.3528347391420149,0.065438256,10.332167863845825,0.5080562885218597,0.13320172
181,0.35527672110935427,0.06404847,9.479689121246338,0.5111464570753026,0.14602312
182,0.35166394821826863,0.06277102,9.41795563697815,0.5208264863600499,0.15660945
183,0.35035146079349955,0.065333,9.371866464614868,0.5730743619464198,0.14500009
184,0.3602736373605775,0.0638037,9.421841382980347,0.5170010987774364,0.1569251
185,0.34658238066620584,0.06286228,9.380970239639282,0.5187204210663361,0.1392967
186,0.34937309348903534,0.06331018,9.432329416275024,0.5228135931941774,0.16600119
187,0.34584589417155237,0.06341048,9.462350368499756,0.5142886393818471,0.14107887
188,0.3463521706909957,0.06448532,9.467505931854248,0.5372049708303162,0.1673161
189,0.34555290021044704,0.061922092,9.47433876991272,0.5054656011561316,0.13482727
190,0.3473036191958456,0.062488854,9.420414924621582,0.5252692611879818,0.15867418
191,0.34524821759680735,0.061993252,9.530581951141357,0.5429562423230028,0.15944093
192,0.3513984679388325,0.06054339,9.474433183670044,0.5081541657934218,0.13795725
193,0.3503894949763714,0.061980993,9.435843467712402,0.5088280329064665,0.15161632
194,0.35109165022366995,0.06169703,9.537361860275269,0.5030918901548707,0.13607289
195,0.34818087899755085,0.06060792,9.490138292312622,0.5204845706932564,0.14531405
196,0.34355738910741956,0.0619257,10.429229021072388,0.5392877216405586,0.15135792
197,0.34391171584963853,0.06138772,10.958354949951172,0.5321173596487528,0.13137166
198,0.34478589836686446,0.062511615,9.333859920501709,0.5173242055247002,0.17977355
199,0.34426937078825603,0.06311408,9.316789150238037,0.523158679803753,0.15308906
