epoch,loss,pion_con,train_time,val_loss,val_pion_con
0,0.9500048650895011,0.4263734,10.712290048599243,0.8044392777721479,0.3282471
1,0.7815184783093432,0.3180748,10.249626874923706,0.7502327249877836,0.301542
2,0.7290414717209879,0.30194923,9.320743322372437,0.6929505699996598,0.2925265
3,0.6906288189323904,0.2832958,9.344325304031372,0.6595706401857053,0.27125126
4,0.6578118275084617,0.27857837,9.425925493240356,0.6314309747192334,0.25909373
5,0.6282951621346795,0.25118104,9.61763596534729,0.6118549224573185,0.24000008
6,0.6039983611223508,0.23257257,11.038064956665039,0.5997894567115418,0.24695446
7,0.5894406515345635,0.23011456,9.452533721923828,0.5882927068132643,0.23349251
8,0.5818964043141328,0.22438231,10.80749773979187,0.5829456852310088,0.21711615
9,0.5800684262481435,0.22441489,9.582902908325195,0.576030003339488,0.21708943
10,0.5661307205738556,0.20557705,9.407195091247559,0.5691283498338111,0.21386984
11,0.5584004175549276,0.19882464,9.467097043991089,0.5672858487299128,0.22350007
12,0.5528501373991833,0.20648566,9.547643184661865,0.5645557812061978,0.2022727
13,0.5478581335099627,0.19338565,9.489704847335815,0.5640953550813799,0.21503966
14,0.5461527891321737,0.18777023,9.5975821018219,0.5479342731964179,0.20062211
15,0.541932867882526,0.18850721,10.264052391052246,0.5446133843938821,0.19335435
16,0.5306693436276287,0.17811531,9.39471983909607,0.5394571082359347,0.18452078
17,0.5319958706369108,0.18901011,9.632504940032959,0.5411541860876178,0.19211976
18,0.5230177996300851,0.17461966,9.399988651275635,0.5346150951254169,0.18407191
19,0.5255305004419569,0.17550232,9.457201719284058,0.5273214271323124,0.19424944
20,0.5164048780356628,0.17344211,9.488316059112549,0.5321214447841074,0.177584
21,0.5171981719858902,0.17035398,9.480576515197754,0.5329156661572727,0.18549897
22,0.5074549516655826,0.16264623,10.364114046096802,0.5181551119475412,0.17620377
23,0.509752428193388,0.16022296,10.599678993225098,0.5345101794917662,0.17976037
24,0.5027473722256047,0.15871099,9.276439905166626,0.5123877260726312,0.17894383
25,0.5043437469039399,0.1620115,9.38064455986023,0.5115716997862105,0.17369778
26,0.5058506896706997,0.156882,9.397099018096924,0.5218603408567681,0.17171964
27,0.4990731241564256,0.15875721,9.45339298248291,0.5099495131703552,0.16955517
28,0.49484451265471824,0.15626621,9.473527193069458,0.5042299600532776,0.16263059
29,0.4972671100187301,0.1568395,9.517074584960938,0.5063335814491416,0.16398406
30,0.49361500010947884,0.15315066,9.527759552001953,0.511316931336885,0.16090748
31,0.49813252320129064,0.15310007,10.741069793701172,0.5046382882002461,0.19194402
32,0.48869912028810636,0.1471909,9.420478105545044,0.4973348840893794,0.16532628
33,0.48713826256786275,0.14886102,9.435465574264526,0.5069139874151717,0.16021977
34,0.4879941902469188,0.14407836,9.47531795501709,0.5059782987851263,0.15872754
35,0.4926375442166721,0.15452157,9.531948804855347,0.5005967851602801,0.1770242
36,0.4880663075737237,0.1457518,9.580448389053345,0.497693415111281,0.14828373
37,0.4812675727184739,0.14346485,10.325907707214355,0.48938106745532156,0.16082822
38,0.4850758328648519,0.14720291,9.529120922088623,0.48707685300137304,0.15771824
39,0.48359563837753894,0.14197429,9.440067529678345,0.538316346301144,0.15788192
40,0.47778944823984215,0.1355206,10.639710903167725,0.49164215132153305,0.15290804
41,0.47679441390074406,0.13999434,10.280414581298828,0.48637623297280497,0.16143097
42,0.47738181078650077,0.14274147,9.684371948242188,0.4968739673540893,0.14979196
43,0.4751301576300704,0.1368377,11.219643592834473,0.5087040136740832,0.13913184
44,0.4726944977242039,0.13594253,11.555883407592773,0.48744839650763416,0.15762429
45,0.4756567330462411,0.13295817,10.736996412277222,0.486580869345712,0.15486583
46,0.4758477945590954,0.13662362,14.845786809921265,0.4932138652632894,0.15355213
47,0.4696532032430069,0.141962,12.093778371810913,0.4853819338531974,0.15772696
48,0.46897083782718474,0.13283965,10.888481378555298,0.483179209972879,0.14301135
49,0.47476478442496145,0.13066627,9.765807390213013,0.48386722485332495,0.15696669
50,0.4679955967174944,0.1300973,11.69886040687561,0.48222128310117623,0.13898574
51,0.4697476753566262,0.13687612,10.239622592926025,0.48113688952012434,0.15093102
52,0.46345340671632135,0.12680782,9.623270988464355,0.48390171893880873,0.14360142
53,0.4640873994708874,0.13068616,9.629573822021484,0.48071811036445866,0.14551978
54,0.4613609710095847,0.12767494,9.504690885543823,0.4901114716188553,0.15206411
55,0.45885177368591623,0.126595,9.467214345932007,0.4777910610357542,0.13808122
56,0.4608271938096057,0.12704228,9.518699169158936,0.47894393811822544,0.14039902
57,0.46233605146199636,0.1338688,9.501245260238647,0.4914725728847266,0.14996363
58,0.4586765278308888,0.12583785,9.523615837097168,0.4773080811679708,0.1462824
59,0.4613514945108736,0.124062054,9.594845056533813,0.47779198872803913,0.13213034
60,0.45530539160576505,0.12410488,9.48352861404419,0.47476412128202367,0.15151154
61,0.4559049748545939,0.12788348,10.697349309921265,0.4812826913783681,0.15203528
62,0.46582281105685697,0.12744026,9.304267406463623,0.48335454853689214,0.15038358
63,0.4604553505475779,0.12775034,9.449999570846558,0.47491695291936825,0.1360125
64,0.45615602191695037,0.12150986,9.417117834091187,0.47767683023175833,0.14557022
65,0.4552176292130984,0.121249795,9.500864028930664,0.47165963127271776,0.14775743
66,0.4523584862113525,0.12540074,9.470706701278687,0.479518907400914,0.141329
67,0.45427125413168007,0.11880907,9.521631479263306,0.470763543103269,0.13916104
68,0.4497579720601344,0.1214833,9.481668949127197,0.46848332791132247,0.14966859
69,0.44785527702774075,0.121169284,9.480889797210693,0.46942588387197154,0.14241771
70,0.45131631607599026,0.12623583,9.464886665344238,0.4763260101915338,0.14448765
71,0.4493822269340709,0.11719481,10.720247983932495,0.4728388131313363,0.14667466
72,0.45691682986508503,0.11682766,9.418092966079712,0.4706109172873901,0.1593866
73,0.44600756529298347,0.12954493,9.46674132347107,0.47054901195399335,0.136648
74,0.44591126578996104,0.11610214,9.41351580619812,0.46901203334757113,0.14054275
75,0.4452990087658281,0.12310705,9.519885778427124,0.469777521169822,0.14910826
76,0.4525808581028191,0.119965434,9.484598398208618,0.4679460853814511,0.13537754
77,0.4456763886891928,0.122603394,10.057108163833618,0.46848165925689716,0.13237767
78,0.4440563289985906,0.11905219,9.554088354110718,0.47671098139609497,0.13416241
79,0.4454802632365431,0.11910703,9.451596021652222,0.4717482776959629,0.1460428
80,0.4461674332839896,0.11692546,9.498014688491821,0.4788232841588169,0.14326024
81,0.4455612280808344,0.115268916,9.554048299789429,0.4694507899271392,0.17044683
82,0.4493205450799897,0.119545795,10.336991786956787,0.4758883772598404,0.14918098
83,0.4484966114513411,0.12203643,10.4480721950531,0.47324133988790307,0.13137908
84,0.45164846473251463,0.12369952,10.066367864608765,0.47271150770498677,0.13435888
85,0.4490383610276136,0.114475004,9.497912406921387,0.4693955854265433,0.13454638
86,0.4382923057517465,0.11489912,9.467658758163452,0.47455902164057784,0.14762314
87,0.43749996331496294,0.11260818,9.440548181533813,0.47968469111946155,0.13416003
88,0.44594260084432424,0.11450973,9.448746919631958,0.4722405508135258,0.13548197
89,0.44129721523234494,0.111924976,9.654568433761597,0.4728157086544238,0.1450937
90,0.44420430097552444,0.11720028,10.371094703674316,0.4727017132958682,0.13601393
91,0.43840317175633886,0.1172473,11.638999223709106,0.4665952090461495,0.14233734
92,0.44867004119959164,0.11626701,9.267547369003296,0.4635159133486665,0.1427566
93,0.4415532835752148,0.112172425,9.308976888656616,0.4666013319570975,0.14321259
94,0.434041948945065,0.114648886,9.425461530685425,0.47146316839294017,0.13505381
95,0.43956158713181714,0.11117319,9.510495901107788,0.47086212421428264,0.13502327
96,0.43808918668512714,0.10911081,9.537259578704834,0.4908383368939131,0.14656259
97,0.43385734034169166,0.11030533,10.817224025726318,0.4670252182276141,0.1430931
98,0.43763259754645323,0.11477547,10.722332000732422,0.46255550098759673,0.14380328
99,0.4363102349732681,0.11614996,9.281387329101562,0.4664917730729785,0.13109629
100,0.43993025558754645,0.116237864,9.371110916137695,0.4661021369811184,0.13654679
101,0.43716940517580344,0.114592396,9.45740532875061,0.46617343025684194,0.14394538
102,0.43868193318126286,0.11248482,9.551514387130737,0.47302515771834064,0.1411899
103,0.43642194725357236,0.118647784,9.468847513198853,0.46839756380129494,0.13296516
104,0.43350875738495254,0.11265301,9.553596019744873,0.4715444446055916,0.15123163
105,0.4347877035062987,0.112767756,10.583384037017822,0.466328407594518,0.13542505
106,0.43187258456567695,0.10987674,10.90805196762085,0.48647614138663847,0.14331417
107,0.435116033508011,0.112400055,9.78350043296814,0.4687311993817495,0.14201969
108,0.44441109039000143,0.112405695,9.42529559135437,0.4642896476873367,0.13595654
109,0.4317814720210589,0.114381924,9.378423690795898,0.461855470797757,0.1331651
110,0.4289722200547861,0.10808534,9.479120254516602,0.4665843415588637,0.13699827
111,0.4342636788310129,0.1067185,9.560639381408691,0.4618855391400722,0.1420225
112,0.4320513483784155,0.10900483,10.705062866210938,0.46263289594277357,0.13177598
113,0.4279245793893541,0.10733472,10.646248579025269,0.47545276988083635,0.13102873
114,0.4342209027096111,0.11202287,9.395015478134155,0.47607325817078644,0.14585723
115,0.4346189140238225,0.11257787,10.23898434638977,0.47486405284053734,0.1430129
116,0.43190134547780945,0.10819086,9.87090253829956,0.4679236289596363,0.14092717
117,0.4318472566916308,0.11024295,9.491278886795044,0.4804525831146169,0.1368478
118,0.4340143072270696,0.109073736,9.48566722869873,0.4652588999360567,0.14052244
119,0.43040663412761826,0.110961035,9.531442642211914,0.4710109453791463,0.14887242
120,0.42894913472747775,0.1115095,11.290398597717285,0.4624734330850165,0.14156894
121,0.42762717195449423,0.10746875,10.680660009384155,0.46409831537109214,0.14406869
122,0.4291850953257194,0.10832722,9.268045425415039,0.46678551169975563,0.14533155
123,0.43087882474645284,0.104682885,9.364526987075806,0.46244298863759536,0.1444982
124,0.42822487407871906,0.103313565,9.3900728225708,0.4695452068318967,0.13658394
125,0.43205670695305703,0.10889299,9.453463077545166,0.46562131711797056,0.13860594
126,0.4277128490183709,0.10902404,9.559821367263794,0.4738428013578478,0.15009524
127,0.44038451209970353,0.11036541,10.294087648391724,0.4613837786370984,0.13770269
128,0.4364314415817974,0.10972336,9.47554612159729,0.4655468112430942,0.13876435
129,0.4289929732656871,0.109914,9.397968530654907,0.46510985393542004,0.15093926
130,0.4306342613576386,0.11841208,9.453964710235596,0.4632687780797096,0.1364579
131,0.4241279529553857,0.10579672,9.46725058555603,0.4628557774839009,0.12928353
132,0.42782896935461523,0.10728496,9.546361446380615,0.4942828380019841,0.14877218
133,0.43647715583200747,0.10468768,11.3227059841156,0.4692619183038376,0.13371255
134,0.4254486482191715,0.10914226,9.351737260818481,0.46866321566355384,0.13771206
135,0.4286855103665199,0.107738435,9.358160972595215,0.47065701185136943,0.14389001
136,0.4267572118556186,0.10713826,9.43731951713562,0.4727292764434114,0.1390376
137,0.4323634430185646,0.11018246,9.398225784301758,0.4678982403399141,0.13693307
138,0.4281474791405091,0.10956529,9.494707107543945,0.46350261922881375,0.13859604
139,0.42799083803734433,0.1037538,10.315329790115356,0.46735538110486585,0.13726121
140,0.42724615056438636,0.101667486,9.59363603591919,0.4732939730408807,0.14543453
141,0.4290134270978973,0.10704193,9.390211343765259,0.46933424313917166,0.12987691
142,0.42712134702671045,0.10802159,9.406835556030273,0.4632038346138668,0.12790352
143,0.42258136162209714,0.10696451,9.489829301834106,0.46458786797945045,0.13759549
144,0.4285199929168653,0.10802928,9.518079280853271,0.46562064372937884,0.13076854
145,0.42615679937603057,0.10536935,9.970529556274414,0.4748872834904102,0.14472775
146,0.42145541128211117,0.108799174,10.506129264831543,0.4627521589636519,0.13404593
147,0.4250904240516222,0.1075045,9.456742286682129,0.4639859286995414,0.14796749
148,0.4238455637272417,0.105143815,9.417488098144531,0.476176843518345,0.1465353
149,0.42344143320548755,0.1070471,9.465575218200684,0.462602662971254,0.13037457
150,0.4188437450203308,0.10547507,9.501760721206665,0.4786442100738271,0.15074962
151,0.4291668110974837,0.105755955,10.351809024810791,0.46254648838023754,0.1415573
152,0.42189803846671586,0.10686508,9.80601167678833,0.4606138549240946,0.13978426
153,0.4208112816663215,0.09942608,9.42095947265625,0.4656821746925074,0.1310313
154,0.41938729224737525,0.10374692,9.426229000091553,0.4687032970977616,0.14654572
155,0.4168530194183738,0.100453116,9.505261182785034,0.4691024900921669,0.13356368
156,0.41852245931292226,0.09943037,9.477974653244019,0.4650268459717298,0.13927089
157,0.4190001905263217,0.10252426,10.205199480056763,0.4628618861533719,0.12572335
158,0.41946043077749834,0.10184779,11.733949661254883,0.47200812519265456,0.13150957
159,0.41965600919358503,0.10459481,9.432944536209106,0.46918147850993214,0.14517425
160,0.4206059218484802,0.105671175,9.301031827926636,0.4678731983877777,0.14031558
161,0.4217420952385087,0.10626104,9.354193925857544,0.47359826255517523,0.1302951
162,0.4236890527575844,0.1068716,9.406992197036743,0.463550814995349,0.13812132
163,0.4241292872124982,0.10410943,9.441674947738647,0.4688384201708232,0.13661619
164,0.4140545123951141,0.10481411,9.531262397766113,0.4669950341862183,0.14442809
165,0.4226625206513522,0.10966113,9.495929956436157,0.46347783556482247,0.13889985
166,0.4201901009273127,0.10909199,9.492520570755005,0.46322792698963283,0.13695846
167,0.4152362292314692,0.10180466,10.403667449951172,0.46568644378550883,0.12988362
168,0.420582634893589,0.10270981,10.06798791885376,0.4654960771739503,0.12789936
169,0.4202757017607964,0.10319885,9.388598203659058,0.46316115632830573,0.14182563
170,0.4238069578060004,0.10050104,9.467973232269287,0.46349581335726664,0.13606176
171,0.41815442387181456,0.10250072,9.505367994308472,0.4596587799329897,0.123511165
172,0.42470653310624545,0.10186084,11.086179494857788,0.4595795859369604,0.12823375
173,0.41807362581364294,0.09883988,9.357428312301636,0.4680006344518626,0.13737783
174,0.4182582242327757,0.101631895,9.389330625534058,0.46723328127175195,0.13091812
175,0.41751729170884355,0.100991614,9.429800510406494,0.4636402559296609,0.14255984
176,0.4232007288066135,0.10510466,10.158924579620361,0.46390022430157263,0.13678405
177,0.41932801185158947,0.099806815,10.394052743911743,0.4705245418355644,0.1391254
178,0.4198126530099996,0.10455058,10.403337240219116,0.4704586906990037,0.13406232
179,0.415613719405651,0.09726801,9.47145128250122,0.46088101855754365,0.13770637
180,0.4132071999808633,0.10091313,9.521045207977295,0.47246206802642493,0.14656597
181,0.4188944928156846,0.09794628,9.547327995300293,0.46351256843368766,0.12808803
182,0.41755775883146784,0.10034967,9.693803787231445,0.4693837673900809,0.1352989
183,0.41908249592853325,0.09946365,10.55611252784729,0.46794039920778024,0.13097607
184,0.42263329360683377,0.10167371,11.31141471862793,0.46318732525612455,0.1396436
185,0.4173455149145499,0.10091091,9.824901103973389,0.46460012820901125,0.13502136
186,0.41650992188852315,0.09707188,9.368030309677124,0.463346321183133,0.15199296
187,0.4174567032359691,0.09981308,9.472409963607788,0.4606540941778635,0.13899593
188,0.41606765846410226,0.10081871,10.011335849761963,0.4627647089982511,0.13326074
189,0.4114448926283734,0.09807305,9.741412878036499,0.46389841828083594,0.1326158
190,0.4150318863901592,0.09917187,9.523928165435791,0.4628846635890631,0.13247754
191,0.41128299242828864,0.0935462,9.872082948684692,0.47262979935156735,0.13774751
192,0.4139235541460427,0.09969429,9.636653900146484,0.4615289358673595,0.13266017
193,0.4127338901099904,0.097431846,9.539474964141846,0.4694093552567204,0.13131544
194,0.4164918482058118,0.099109195,9.947927951812744,0.46401184484165003,0.12618835
195,0.4141678506312076,0.102367654,9.624077081680298,0.461364723182138,0.13448073
196,0.4121279694581888,0.09855567,9.575089931488037,0.4802859102147487,0.14704819
197,0.41501844446580016,0.09734161,10.667545318603516,0.4655788934097044,0.13705347
198,0.4175146528000769,0.09836485,9.52805471420288,0.461038908736311,0.14079286
199,0.4098917095877621,0.09948437,9.534035921096802,0.4585189659025587,0.13293408
