epoch,loss,pion_con,train_time,val_loss,val_pion_con
0,0.8915737492537772,0.36247617,10.7996985912323,0.781064348571846,0.33386943
1,0.7270047141765622,0.30824143,10.076868295669556,0.6762912685471463,0.2648203
2,0.6503922479449272,0.27790713,9.797705173492432,0.6399893623312815,0.22870219
3,0.6064460388206551,0.24772517,9.628413915634155,0.5938248492065477,0.22374661
4,0.580149996097934,0.22249386,9.796013116836548,0.5688828081348566,0.20224942
5,0.5712552440131501,0.21881732,9.63313889503479,0.5679990069349783,0.20259438
6,0.5522868374405616,0.19499454,9.654744625091553,0.5534693383736823,0.19815086
7,0.5534101988462994,0.19768907,9.756564617156982,0.5719731144700801,0.18740645
8,0.540810707665961,0.17792879,9.718435287475586,0.552774465886641,0.18662214
9,0.534885003342039,0.18823749,10.323458909988403,0.5361654526682299,0.18817773
10,0.5271083912684338,0.16782562,10.50563097000122,0.5264404852833727,0.18466912
11,0.5171155568198302,0.1645834,10.132486343383789,0.52465867498666,0.17980655
12,0.5200612928151404,0.16981193,10.162273168563843,0.5536051270751797,0.17760468
13,0.5163591031414816,0.16832124,10.339787721633911,0.5251444955295302,0.18452212
14,0.5057599926452987,0.17019653,9.690001010894775,0.5500607700908885,0.16999243
15,0.5081736816799395,0.1627232,9.457984924316406,0.5169148599319172,0.1762946
16,0.5048148018980162,0.16286206,9.451163053512573,0.5572401444427986,0.17576636
17,0.5065931194053842,0.15431161,9.501923084259033,0.5167277403973836,0.17959723
18,0.502413016560357,0.15886919,9.459644317626953,0.511471801763163,0.16113627
19,0.499247863450139,0.15491469,9.535123109817505,0.5078239214497332,0.1626073
20,0.49248141063308615,0.15032724,9.4649338722229,0.5047136689257922,0.15470633
21,0.4922899805374577,0.15370166,9.485810995101929,0.5235904088781546,0.15946533
22,0.4950616488830351,0.15194447,9.52219533920288,0.49633351266688125,0.16040581
23,0.48859195813705425,0.15137172,9.4996976852417,0.5030919844076286,0.15622106
24,0.48324961277689604,0.14256066,9.644107580184937,0.500488550510588,0.16885376
25,0.4919617136057765,0.15026733,9.503231525421143,0.5013310128371353,0.15945938
26,0.4862202382375361,0.14768846,9.482083320617676,0.5135025572387671,0.15813987
27,0.4825786091463267,0.14169651,9.637412071228027,0.4915260286730027,0.1602057
28,0.48499474900697703,0.14547777,9.530433416366577,0.5166193711923848,0.16431016
29,0.48228436410027575,0.14592804,9.56122636795044,0.5633398314837249,0.16944934
30,0.48757144310182066,0.14718297,9.533170223236084,0.49998430959710616,0.15944403
31,0.48007400538301537,0.13855778,9.588970422744751,0.5005581495632975,0.15291843
32,0.4867173982519797,0.1441612,9.582360029220581,0.4921359845303792,0.1532992
33,0.4753512004297898,0.14243297,9.562819242477417,0.4951117323759015,0.1536504
34,0.47707166955769853,0.13872156,9.56450080871582,0.4892335207881428,0.1510987
35,0.48458354492244565,0.14889294,9.620885610580444,0.4946349812016038,0.14126505
36,0.4753440520291433,0.14841439,9.506234407424927,0.4877516332612237,0.15511099
37,0.4755225104432042,0.14280766,9.5680832862854,0.4857033448939176,0.16401227
38,0.47599582484252934,0.14469427,9.67616868019104,0.5058406248379629,0.15280841
39,0.47442234430871555,0.13812137,9.574686765670776,0.4915660597604377,0.15317054
40,0.47355766155316253,0.1457516,9.569948673248291,0.48300190598573134,0.17378382
41,0.47413440628082887,0.14633615,9.669492959976196,0.48394020214570455,0.13963594
42,0.47323705456352333,0.1427542,10.119310855865479,0.49588319837378225,0.15463525
43,0.46914664832189545,0.12937534,9.876545190811157,0.4843985964553934,0.1486514
44,0.4620890421444553,0.13219729,8.693280458450317,0.48963932979678426,0.15317668
45,0.4693628494639155,0.13835351,8.651136875152588,0.48478639713561034,0.1502644
46,0.47231394206696364,0.13885386,8.67542576789856,0.48478429571822645,0.14504318
47,0.46952903162330406,0.13397633,8.720961093902588,0.4864954574786656,0.1570495
48,0.47111940424210363,0.13749593,8.753884553909302,0.47822265579197043,0.16089487
49,0.46839740707538424,0.13564485,8.746073484420776,0.4928226992290306,0.14767288
50,0.4681874542032423,0.1308494,8.75295090675354,0.5400274579235584,0.15181094
51,0.4686079289917532,0.13360707,8.785915851593018,0.49146067459378184,0.15887272
52,0.46456794154395964,0.13144997,8.726062297821045,0.48542961354808556,0.14942585
53,0.45544243600485185,0.1302629,8.75139856338501,0.48297441400098623,0.15387172
54,0.46212745988277043,0.13155235,8.75192666053772,0.4765739424886934,0.14394127
55,0.4586323533082763,0.12811781,8.735107421875,0.47511347107074975,0.15421537
56,0.46266668446913384,0.13326687,8.746079206466675,0.47557524783560223,0.14721031
57,0.4599283419714339,0.13350433,8.7302987575531,0.4771637572272624,0.15109707
58,0.45867769627288457,0.13011344,8.744872093200684,0.4951142523735407,0.14600667
59,0.45612081684826,0.1290119,8.75657868385315,0.49583901859634955,0.15442114
60,0.4673759706793313,0.12444336,8.840986251831055,0.4763650382367659,0.15512913
61,0.45689226093959445,0.12870389,8.758028745651245,0.4846473395358296,0.1537818
62,0.45940690940685563,0.12470249,8.777774333953857,0.49542584668937406,0.1510158
63,0.45486827438715277,0.1293871,8.781527757644653,0.4780891216701085,0.14317666
64,0.4525559356749198,0.12675042,8.769105195999146,0.478476231303275,0.15093577
65,0.4525631255206603,0.12680754,8.780163764953613,0.47723789536113925,0.14645547
66,0.4527139236877654,0.12663035,8.74153447151184,0.4732738882597106,0.14122546
67,0.4555631936023777,0.1254084,8.7580087184906,0.4738791025037548,0.1542754
68,0.4595379450964549,0.12686445,8.75150728225708,0.4752058163340989,0.1442742
69,0.45029231779191486,0.1293929,9.029154777526855,0.4739859045990792,0.14928527
70,0.4607459835922231,0.13001199,8.732875108718872,0.47222227696779023,0.14731357
71,0.44761033097052944,0.12507014,8.789403676986694,0.4837970567657525,0.14967945
72,0.4475742207637757,0.117018096,8.74818229675293,0.480152288118782,0.14462711
73,0.44678142154391165,0.12295688,8.77678918838501,0.47097377783787653,0.1437971
74,0.4465617224056163,0.11975307,8.761655330657959,0.47628030631867285,0.14463983
75,0.4586316302214028,0.123770826,8.748727798461914,0.471449078912842,0.13629714
76,0.4486206410388417,0.1234336,8.775726079940796,0.48261192524283164,0.14971507
77,0.4465442762230171,0.12575231,8.739065170288086,0.4717658164224751,0.14659443
78,0.4512953420594737,0.11745597,8.772021770477295,0.4808190840719833,0.14675592
79,0.4553955438295889,0.12924705,8.741925477981567,0.4762148483923932,0.15007326
80,0.45310013299338436,0.12820092,8.753232955932617,0.47005459694828317,0.1450925
81,0.44979746178516605,0.123155855,8.751714706420898,0.4797404630680305,0.14712158
82,0.4516003880864691,0.11735649,8.753800392150879,0.4661783035090893,0.13677312
83,0.4499098415399862,0.12127409,8.750234365463257,0.47108050080555225,0.14939801
84,0.4504600022342002,0.120366886,8.767340421676636,0.4682545415198304,0.1384632
85,0.441532988301944,0.112833634,8.77450680732727,0.47151102423059904,0.14715312
86,0.44579699062978695,0.11812338,8.761505126953125,0.47934414617304333,0.13778485
87,0.44537034521573804,0.11835942,8.771702766418457,0.4650674973933399,0.14597331
88,0.44491858566294407,0.12319135,8.77595591545105,0.46710241601930025,0.1409995
89,0.44499459606612074,0.11952454,8.802219867706299,0.47175401932971894,0.14169648
90,0.4443242821817607,0.11267691,8.768627882003784,0.4708460949242257,0.13779356
91,0.4439586942547144,0.11831088,8.740050554275513,0.4833624681823313,0.15089808
92,0.4430101529333808,0.12032011,8.79525637626648,0.4705289456358737,0.14196953
93,0.44295633830587083,0.118044354,8.741250038146973,0.4858486764895515,0.14252393
94,0.4485570590627754,0.11512417,8.810550928115845,0.4782766372157943,0.15219882
95,0.43857808446122637,0.1149119,8.758536577224731,0.47417376811145234,0.1441124
96,0.4412572467542047,0.11994646,8.782104969024658,0.467935254676372,0.14158896
97,0.4405855312701721,0.11407106,8.773454189300537,0.4665795810325581,0.14986673
98,0.4418855216659199,0.12023651,8.798527479171753,0.47540594935619845,0.1536965
99,0.44684853934194385,0.1165437,8.820556163787842,0.479438275254855,0.15060616
