epoch,loss,pion_con,train_time,val_loss,val_pion_con
0,0.9444193864217973,0.34907094,10.91981291770935,0.8058670997498029,0.32324383
1,0.7356005328023638,0.3093946,10.595751523971558,0.6679622403864389,0.3006393
2,0.6423091272926487,0.26840988,10.30591106414795,0.6278594629329226,0.2595619
3,0.6083243102149655,0.2454536,10.32641887664795,0.5985962320046943,0.23936607
4,0.5898390307459989,0.23749645,10.021329402923584,0.5996532548856103,0.2438491
5,0.5741093557140025,0.20815082,12.055073022842407,0.5700343906311954,0.22407456
6,0.5603240696115752,0.20359284,10.42137598991394,0.5579179609644701,0.20140602
7,0.5462736107747868,0.1939142,9.941973447799683,0.5590040260514854,0.19502355
8,0.5417409302262091,0.19411214,10.392264604568481,0.5521988653196278,0.22827895
9,0.5268574179936191,0.1762069,10.732531785964966,0.5643293299224255,0.17534144
10,0.5285627664158064,0.17559029,10.414066076278687,0.5353262003872192,0.18580672
11,0.5232610197639417,0.17143753,10.587938785552979,0.5280727991154712,0.17515014
12,0.5088961005919587,0.16444537,9.96328330039978,0.5311397690101775,0.18287951
13,0.5083998338429392,0.16275811,9.86607575416565,0.5195623385565737,0.16825129
14,0.4972380946094365,0.15747994,10.223897457122803,0.5190331563541006,0.18159986
15,0.4962233421758331,0.1557547,12.88512396812439,0.5215069330739797,0.1834976
16,0.49047513961379735,0.15290368,9.788143873214722,0.5117261526090926,0.16755725
17,0.49206479769830846,0.1557039,9.689523458480835,0.5067024387538291,0.18668036
18,0.49006280978882016,0.15049848,9.690044641494751,0.5059631869404626,0.1672146
19,0.4801764631270899,0.14327183,9.73325800895691,0.5126216826654543,0.17503546
20,0.48004585522423326,0.14319982,9.657028436660767,0.5161814635199619,0.18183477
21,0.48238139132052993,0.14892696,9.766568899154663,0.5036445292109982,0.1792461
22,0.4723274441112881,0.13920309,9.654452323913574,0.5038103755093561,0.17462684
23,0.47047275151471957,0.14145593,9.631552934646606,0.5060161771112783,0.17153193
24,0.47084499267142077,0.1369629,9.646746397018433,0.5042660938238295,0.15986377
25,0.4664069047919546,0.1382677,9.698593378067017,0.50018077556757,0.16231404
26,0.46293048544088566,0.12974921,9.764568567276001,0.499815700885918,0.16596219
27,0.47078257807775836,0.13273603,10.179232597351074,0.4988085902697859,0.16085647
28,0.46675501089937627,0.14257419,10.181477785110474,0.49659245731635226,0.16958125
29,0.4621842310111367,0.13155423,10.134493112564087,0.49615895835893653,0.16579323
30,0.46055792858253625,0.1278719,10.162969827651978,0.5128736361846029,0.15952839
31,0.4611974969335166,0.12912478,10.546756982803345,0.4937553495827357,0.16617957
32,0.4555006642045484,0.13045195,10.43409776687622,0.496694040784865,0.15602675
33,0.4522604313868033,0.12249939,9.956676721572876,0.5259363144240952,0.16210946
34,0.4525618550457635,0.12523724,10.208645105361938,0.525980403059723,0.16722754
35,0.4535154402053358,0.12099308,10.2502281665802,0.5389755504628259,0.16192262
36,0.45868712352200003,0.13023753,9.965230941772461,0.4954677224726711,0.15094453
37,0.4500225834638654,0.11937408,9.97445559501648,0.49272646349492183,0.15340067
38,0.44573657987246124,0.11970912,11.730383396148682,0.5036629377316147,0.16327856
39,0.4460667180623834,0.11777577,10.560123682022095,0.4921418616577947,0.16882493
40,0.4441060411581751,0.120375164,10.486840724945068,0.4926172314513828,0.15175425
41,0.44705379404827766,0.12376484,9.969744443893433,0.49444633171859137,0.16717213
42,0.44739019120358614,0.11691115,10.302675008773804,0.49560067865646684,0.16393335
43,0.44062242100993415,0.11835431,10.615577936172485,0.49357204255462706,0.1509666
44,0.43757810382655327,0.118604735,10.550036668777466,0.5048505222785233,0.16373216
45,0.4431511095943993,0.12204284,10.442898035049438,0.49486383344802026,0.15991774
46,0.43701733216168254,0.11121052,10.154621124267578,0.49515511248234134,0.17775562
47,0.4415152792421443,0.11757202,10.429052114486694,0.4871059595626538,0.14700016
48,0.4333599581273717,0.1104379,10.359102964401245,0.49469812248321426,0.15720095
49,0.44400532426380346,0.111750305,10.298168420791626,0.49396505931411944,0.1558433
50,0.43217045909871454,0.11786137,10.245645523071289,0.49532456714780265,0.14345266
51,0.43299805152219595,0.1110393,10.283033847808838,0.49811706472440304,0.15001233
52,0.4412068716022356,0.10472639,10.223469972610474,0.492867081001558,0.15538022
53,0.4317168155002014,0.10933781,10.123032093048096,0.48822110860333967,0.14728636
54,0.4331755848917637,0.10785318,10.610806703567505,0.48852718442688586,0.15106753
55,0.4304942856754015,0.10806551,11.313079595565796,0.5074979188246859,0.17746307
56,0.431980657760135,0.114581615,10.342727184295654,0.48681110354638835,0.13884638
57,0.4249630169416979,0.106577836,10.267285346984863,0.4867402917529725,0.15320481
58,0.4283696882862011,0.108952805,10.337215900421143,0.48926997473757916,0.15934359
59,0.4250179188684735,0.109946035,14.242073059082031,0.4845927426560482,0.13973394
60,0.42756051393535016,0.11134358,11.381882190704346,0.4966934041825333,0.15330873
61,0.4290886389023613,0.10515315,9.835973978042603,0.4840600087504045,0.14398272
62,0.42718564446637936,0.10872156,10.684937477111816,0.5055273312607901,0.13917
63,0.43129688094775864,0.10631681,12.886707067489624,0.4893675591498968,0.14922166
64,0.4262297470817752,0.10599128,11.190636396408081,0.5097164751659725,0.14231102
65,0.42331829076441313,0.10788822,10.172998428344727,0.49095692855693257,0.16771816
66,0.4254575218026165,0.10783485,11.405510902404785,0.4909303419385707,0.13753016
67,0.42488750703063227,0.1035446,9.937512636184692,0.4912394472669882,0.14183564
68,0.4233958503626111,0.11129774,9.872193098068237,0.5007716516883387,0.1369299
69,0.42935150453652515,0.10120458,11.845141887664795,0.48412342486799836,0.14984192
70,0.42496288360972867,0.107011236,13.21786880493164,0.4903971966331972,0.15793107
71,0.42503408749601823,0.105203554,10.031853914260864,0.48796057172958157,0.15733984
72,0.4209553208895129,0.102683835,9.91907525062561,0.5032550889916341,0.15814772
73,0.4244475643195581,0.10281552,10.010324954986572,0.5077484804932985,0.16498628
74,0.4209861370009712,0.104061194,9.936757802963257,0.4878407268530655,0.15200208
75,0.41989705880920725,0.10181812,10.877638101577759,0.48107254695462676,0.14598784
76,0.415579840421899,0.103958674,10.400394916534424,0.4841687706124008,0.14921777
77,0.41908623304457115,0.102591895,10.587561130523682,0.4853875121021303,0.15540569
78,0.42058026540948956,0.09783235,10.113683938980103,0.48469310383414055,0.14422789
79,0.4181413521369877,0.10229661,10.07875394821167,0.515183772172542,0.1495406
80,0.4173077987881353,0.10197577,9.851983070373535,0.48302215864284637,0.14822346
81,0.41575725945456243,0.09758106,9.97794222831726,0.49061952929681596,0.14420196
82,0.4134348900817347,0.10161005,9.979891538619995,0.48918293323779505,0.15681773
83,0.4140530547858818,0.09843754,10.778202772140503,0.4861736696457952,0.15048786
84,0.4224756166432431,0.102479614,10.132625579833984,0.5008933946434554,0.14121307
85,0.41324931363330725,0.098092884,10.194830894470215,0.4896447142546212,0.15422836
86,0.4176801718425932,0.10309591,10.067605972290039,0.5020618257413954,0.15763927
87,0.4155342058802065,0.10243808,10.207555055618286,0.4981897781633755,0.14507222
88,0.41793409397704406,0.10152007,10.229274272918701,0.48627927147259886,0.15723568
89,0.4184836633894994,0.10369826,11.0488440990448,0.4836634940981095,0.14949575
90,0.41480072193291107,0.10029924,10.257124662399292,0.4821980525019703,0.15076637
91,0.412560236966204,0.097285196,9.913197040557861,0.5268019679613317,0.15677847
92,0.4169316436260975,0.09659888,11.194118738174438,0.48648559664107227,0.15166512
93,0.41485476734183296,0.10158749,10.723541021347046,0.48673343361741384,0.1457667
94,0.41049318205462365,0.099384956,12.047574996948242,0.5034837176466588,0.16719599
95,0.4140249370384498,0.0956679,14.319601774215698,0.4910470401134186,0.14771853
96,0.41625774802439197,0.09932115,14.071017980575562,0.4852632042300494,0.14559937
97,0.4103000002499238,0.09475674,10.012176275253296,0.4812953994047962,0.14117332
98,0.4099478617963939,0.09973576,12.708956718444824,0.4838762006723974,0.14810124
99,0.40930452579865634,0.09955996,10.826253652572632,0.48646706952930346,0.1435012
