epoch,loss,pion_con,train_time,val_loss,val_pion_con
0,0.8002295866847462,0.3400814,9.91639232635498,0.6638810406125187,0.2750747
1,0.6471657136840981,0.26715595,9.571532011032104,0.6638672830052459,0.24848318
2,0.6025249438496727,0.23269443,9.542954683303833,0.6514534962456958,0.21532221
3,0.5654723549113354,0.20574014,9.520701885223389,0.5503238601856433,0.19805333
4,0.5435983202406984,0.19734596,9.566246509552002,0.5433014533544875,0.19981903
5,0.5367968406755714,0.19197735,9.586164712905884,0.5264423213942202,0.19608948
6,0.5318990166141753,0.18229252,9.57560420036316,0.5196487149872856,0.17609885
7,0.5225313611943657,0.16875318,9.567118883132935,0.5427627027784631,0.18544511
8,0.5197817211116753,0.17410214,9.557361841201782,0.5478375984835243,0.18487644
9,0.5243107134770912,0.16383748,9.5976722240448,0.5502158475424797,0.16678473
10,0.5031451267902987,0.15913871,9.51021957397461,0.548296368608504,0.17504153
11,0.5007535096395658,0.15821709,9.63036322593689,0.5342845611246375,0.17027234
12,0.5041107974693326,0.15625101,9.565190553665161,0.5110300779565586,0.16316713
13,0.494873863322334,0.14726315,9.589325666427612,0.4966159274751578,0.16904119
14,0.49771435689334165,0.14985797,9.518654108047485,0.556799652068966,0.15884483
15,0.487120850464747,0.14598374,9.412868976593018,0.5045714555022588,0.14688317
16,0.4922671760361403,0.14091575,9.549118280410767,0.49219498109023047,0.1610773
17,0.49477423690195044,0.15117936,11.101858377456665,0.48940116443102233,0.14878412
18,0.47980171468608507,0.14458352,9.625591039657593,0.49030321705953395,0.15398529
19,0.48255785844370536,0.14404713,9.57164216041565,0.48241526014907793,0.1563657
20,0.4854075456823149,0.1394805,9.519391536712646,0.48647580457074185,0.14175431
21,0.4817933197845627,0.14192706,9.576236009597778,0.4979640822960219,0.1509355
22,0.4737791163800783,0.13891897,9.54265570640564,0.5187580037951997,0.15355298
23,0.4812326633830153,0.14081284,9.532254695892334,0.4774462306916977,0.14096469
24,0.4757701902565453,0.13269995,9.486852645874023,0.4778128607971901,0.13612108
25,0.47700489818075936,0.14151196,9.474144220352173,0.5034024119681139,0.1504083
26,0.4761114674644124,0.1359616,9.507927656173706,0.48093011126515006,0.14647335
27,0.47344322015056084,0.13623008,10.036705017089844,0.48518920222823614,0.1538114
28,0.4673277169135403,0.12965895,9.272522926330566,0.47726074999913354,0.13967846
29,0.47600147503825996,0.13482556,8.830316066741943,0.47237370009123975,0.15922879
30,0.465693290111649,0.13096565,8.715664863586426,0.47726231121117063,0.14049293
31,0.46586341168862816,0.13275735,8.652755975723267,0.4861735554160572,0.14482401
32,0.46531889738603643,0.13189006,8.696275234222412,0.47592111530858455,0.14059028
33,0.46624762121041474,0.12985133,8.71994924545288,0.47860361264093276,0.15196662
34,0.46177996476319905,0.1297864,8.683414220809937,0.4695282213625475,0.1406809
35,0.4594705784350477,0.12875645,8.733512878417969,0.4997506920961408,0.14715484
36,0.4700855998538882,0.1287488,8.717542171478271,0.48031216750782146,0.14034891
37,0.46546619282402285,0.13143258,8.878986358642578,0.5033388875407129,0.15858757
38,0.4640814479776205,0.12949581,9.094613313674927,0.474300755176849,0.14178197
39,0.4685410220820205,0.12459686,8.915372610092163,0.5098582359731947,0.1294843
40,0.46178685566682376,0.12363092,8.783469915390015,0.5044938003842582,0.13629988
41,0.45776979859232736,0.12742089,8.686505794525146,0.504263207633574,0.15880044
42,0.4612851342723474,0.12373999,8.89552617073059,0.47796130027141914,0.14798059
43,0.4731269073657484,0.1298715,8.864542007446289,0.4885567358382419,0.14170799
44,0.46636536985728977,0.12691988,8.928897857666016,0.4965663197068121,0.14476031
45,0.4665664174995114,0.12640762,8.833476305007935,0.4730661202697112,0.12474226
46,0.45710888864606297,0.12679484,8.87271785736084,0.4750831667560576,0.14872581
47,0.45156885449181455,0.12226242,8.891805648803711,0.47587854473901336,0.13549748
48,0.4599086117738424,0.12634216,9.264708518981934,0.472761451796746,0.13003597
49,0.45596566708814096,0.11830905,8.888381958007812,0.48321692479666056,0.12718445
50,0.4531963189984908,0.12021096,8.902146339416504,0.48413779645377947,0.12805392
51,0.4554301506677985,0.12643352,8.825498104095459,0.47946976473930536,0.14162609
52,0.4514339415710836,0.12225595,8.909220933914185,0.48432001740865177,0.13730578
53,0.4572515951505765,0.12267621,8.944700479507446,0.4674821036723713,0.13582163
54,0.450806830233611,0.11952821,8.946816205978394,0.4629255026143167,0.13657461
55,0.45536220304725705,0.11613792,8.932726383209229,0.4939287771338794,0.13010567
56,0.4563147016348026,0.12355662,8.943698167800903,0.5178125180078582,0.14560902
57,0.4567508638108933,0.122104645,8.965664863586426,0.47963918779261944,0.138188
58,0.45592702583964556,0.12207829,8.97816514968872,0.4659745140470481,0.13756871
59,0.45499888823588275,0.13030371,9.714599609375,0.4749365472339603,0.14040484
60,0.45413723364722813,0.12485099,9.668973922729492,0.4645295095480206,0.14312409
61,0.45736692670641327,0.121253975,10.505795001983643,0.47500244734928504,0.12809788
62,0.45524611226725503,0.120164454,9.486475706100464,0.46921912528997534,0.13560365
63,0.4494836782286299,0.12778364,9.390558242797852,0.5145196928474539,0.13325919
64,0.4525023861769667,0.12254274,9.620760679244995,0.46546189327176757,0.14153671
65,0.4519226267235847,0.12066284,9.477377653121948,0.4633747322508284,0.13534763
66,0.44871826254882147,0.12066196,9.864455223083496,0.4864602541120958,0.15187357
67,0.44261470644162426,0.11614706,10.577167749404907,0.4671524147462861,0.12556936
68,0.4531814603506679,0.1211756,9.268293857574463,0.4966098751352175,0.14824429
69,0.4462528519180563,0.11902174,9.083957195281982,0.4739887506975604,0.13704547
70,0.44763957763891976,0.12109095,9.091393947601318,0.46935221923933834,0.14279953
71,0.4446854309425566,0.1236596,9.073307752609253,0.4847522757220374,0.12781236
72,0.4475740362164653,0.11854914,9.020662069320679,0.46691759255661197,0.12739566
73,0.45040370622506376,0.12267653,9.21668004989624,0.46531462444005794,0.13765173
74,0.4491615040175913,0.1250438,9.664323568344116,0.4634145348139338,0.13314578
75,0.4467369100983176,0.1245185,9.134626150131226,0.46507298765195465,0.13806279
76,0.4438828452001566,0.118079446,9.098520994186401,0.4747534683228188,0.13510017
77,0.4398047995735004,0.11474135,9.08528447151184,0.46754399928378637,0.13309187
78,0.45004628339379543,0.1178485,9.105517625808716,0.47688698702140636,0.13289498
79,0.4448696040982806,0.116287395,9.097890377044678,0.4579651266488442,0.1342509
80,0.44380878418303593,0.120195046,9.104975700378418,0.4630643486328086,0.13213691
81,0.4465132074597087,0.117478594,9.066767454147339,0.4602744071206362,0.13373157
82,0.4437501241562516,0.120860584,9.109927415847778,0.45983832776445144,0.1375468
83,0.44421763713409257,0.1157837,9.056163787841797,0.465221297641629,0.12327505
84,0.4426820228482712,0.12326196,9.094337701797485,0.4725106085858674,0.13861544
85,0.4404736744719674,0.11429138,9.142732858657837,0.4862413213411913,0.13817963
86,0.44342977634045266,0.11342053,9.03892993927002,0.46876927839984134,0.13440083
87,0.4434493663175701,0.114040904,9.061828136444092,0.45828344436860824,0.14060366
88,0.44429490772312424,0.1160908,9.05347728729248,0.4649818810910767,0.13586637
89,0.4482748981836142,0.11540431,9.117143392562866,0.4706903930182199,0.13301148
90,0.4481472275254146,0.11557596,9.074562549591064,0.45773928298588634,0.12346038
91,0.44326992732887815,0.11233846,9.144449472427368,0.4785036692202638,0.13346884
92,0.4415260274658389,0.119562395,9.140688180923462,0.4662060602531673,0.1311757
93,0.44517182838654834,0.1148321,9.155647277832031,0.46247702510492283,0.13589346
94,0.4464972971392235,0.11513641,9.097750186920166,0.47307424088069183,0.13469923
95,0.44720697202384374,0.12295719,9.061359882354736,0.45940876735874037,0.1295551
96,0.4412980983181605,0.11332003,9.186285734176636,0.45862772928861806,0.12936214
97,0.44156644030377995,0.11982656,9.114763259887695,0.46323475382920637,0.13041553
98,0.44483174505435447,0.11671522,9.170505046844482,0.4585252592836015,0.13214368
99,0.43853498405667324,0.11597207,9.223597288131714,0.4645193875281837,0.12798035
100,0.44207371318693034,0.1112272,9.103403568267822,0.46227088268011535,0.12374115
101,0.4427307732994594,0.111085825,8.987579822540283,0.4706702454018779,0.13403645
102,0.4380499714383788,0.11827369,8.974726438522339,0.470384781225244,0.13659565
103,0.4505668763621432,0.11834697,8.900283098220825,0.4596085567775935,0.124456175
104,0.44099376028435594,0.118793696,8.927400588989258,0.49253390440321504,0.13035183
105,0.43707899829037916,0.110408686,9.004274129867554,0.4611851482559977,0.14363289
106,0.43483720095668404,0.10892914,8.948209047317505,0.4637977511369627,0.12692209
107,0.43735506467480517,0.11730087,9.09569001197815,0.49386957263670905,0.13482752
108,0.44535020293826016,0.11997444,9.74529767036438,0.4705534358326167,0.13310052
109,0.4361706239596846,0.11261452,9.12394380569458,0.4636987492629599,0.12973265
110,0.43939066405295957,0.11453883,8.902140140533447,0.47591694492703596,0.13882776
111,0.44191584253285215,0.114789955,8.932850122451782,0.4631721838766602,0.1303763
112,0.4359313760299684,0.116420895,8.85890817642212,0.4636380597305557,0.13047244
113,0.4452192410275174,0.12283995,8.819190740585327,0.4640426757221358,0.12846065
114,0.4410869122687535,0.111066505,8.883938789367676,0.4602254461265267,0.12580386
115,0.43881788738370836,0.11550964,8.887699604034424,0.45675646060180275,0.13990083
116,0.43652379800787394,0.11561086,8.893229722976685,0.4545730163677336,0.1317596
117,0.43911699529203313,0.12032716,8.885623216629028,0.46042725993475514,0.12681016
118,0.43922620996795503,0.11802054,8.952462196350098,0.4662936217482501,0.13042246
119,0.43840154344976123,0.11049007,9.048237562179565,0.4677445944374575,0.1375922
120,0.43219379058599133,0.108338065,8.878368377685547,0.4631452295335123,0.13873564
121,0.4367076321590686,0.111645356,8.892114162445068,0.4572664691695791,0.12936683
122,0.4413389518733383,0.12141867,8.923100233078003,0.45243254168144664,0.13236381
123,0.4313688662361069,0.117606275,8.896894693374634,0.4605630698130269,0.1295016
124,0.4336737068823966,0.114615574,8.978438377380371,0.46526840104411465,0.12876387
125,0.43279019544154296,0.11354197,8.923965215682983,0.46099488328647065,0.12770575
126,0.44075407649357595,0.112671435,9.848101615905762,0.4675106007604524,0.13924064
127,0.43240928511518495,0.109936334,11.625946998596191,0.4577505210555763,0.123483844
128,0.43239694460640216,0.1173815,9.438211441040039,0.46759663557203723,0.12676407
129,0.4408997786528897,0.11340674,9.225627899169922,0.45501253004383774,0.1349442
130,0.4347926506698126,0.11561506,9.324349164962769,0.4604699623134825,0.13008219
131,0.4365617706469901,0.1127851,10.627595663070679,0.4815193891788737,0.13092434
132,0.4355922913862144,0.11483447,9.608200550079346,0.4601088560101776,0.13238241
133,0.4337523514296509,0.114316046,9.917745113372803,0.46483651994645536,0.1203321
134,0.43859261155177115,0.115626976,11.256527185440063,0.46236446407205267,0.1324744
135,0.4337738556300097,0.10756676,9.77466607093811,0.4602701803933435,0.13725285
136,0.43296876384007554,0.11486971,9.680044412612915,0.45883786072742366,0.12909783
137,0.4391038407417108,0.11197379,11.293594360351562,0.4747387113071793,0.12616232
138,0.43652653374538253,0.113329545,9.738980531692505,0.4667576111566854,0.139675
139,0.43388626270058556,0.114349745,10.19171667098999,0.4596299791023951,0.1260177
140,0.4318265755833468,0.11283686,11.97254467010498,0.4613522739484982,0.13755515
141,0.43457507611152507,0.11194772,9.018229484558105,0.45364163285491826,0.12876032
142,0.43119901890580625,0.110730864,9.032246828079224,0.4606515071315856,0.13161394
143,0.43337011930651687,0.110056475,8.9232759475708,0.4717652935047046,0.1339485
144,0.4365077212648884,0.11211067,8.91090726852417,0.46228999864969966,0.13892193
145,0.43191186535831133,0.11083417,8.925878286361694,0.4609527329002583,0.13040818
146,0.43630873792406,0.1094627,8.932978868484497,0.4656345736854784,0.12552245
147,0.4373395772646242,0.105983,8.967686414718628,0.45845639556089013,0.13068593
148,0.4348380090477181,0.110200144,9.385968446731567,0.45756568844445666,0.1243829
149,0.43097253094600324,0.111737005,8.89837384223938,0.4600312100588485,0.12682943
150,0.4361378778208546,0.11257595,8.903879404067993,0.4622426155796265,0.13769183
151,0.43075172886238217,0.11230882,9.307892084121704,0.4568300722083929,0.13643679
152,0.4299126065097452,0.114006065,8.831775903701782,0.4718956482244243,0.13140644
153,0.43562176321091584,0.11319868,8.880234718322754,0.4658241036269828,0.13808736
154,0.43378457224139066,0.1119473,8.88045883178711,0.4577895985619222,0.12541942
155,0.42859639936071925,0.112480305,8.852740049362183,0.46777008425334166,0.14589265
156,0.4319432538016264,0.10575764,8.95135760307312,0.4628703308141949,0.1324406
157,0.4301183753404467,0.114559636,8.941846132278442,0.4609844915257227,0.13110982
158,0.43582520399276875,0.11206179,8.995004653930664,0.4621455962704137,0.13747261
159,0.42993692504732234,0.11092063,8.883845090866089,0.4595725395492209,0.12860908
160,0.4313700113699779,0.11420624,8.873359441757202,0.4616158976882382,0.13710763
161,0.4346325570975006,0.115018316,8.88682746887207,0.4703597051580112,0.12733944
162,0.43479601882208646,0.11446956,8.989304304122925,0.48423572694391914,0.12002205
163,0.43127955687240366,0.10930576,9.010198831558228,0.457240979005106,0.12999418
164,0.4299008681559859,0.10972945,8.91644024848938,0.45770029817175517,0.12484007
165,0.42975999952214916,0.11032277,8.987289190292358,0.467843349249093,0.13128701
166,0.42573122592843277,0.11000527,9.293662071228027,0.4568279164699177,0.13123792
167,0.42929331669106413,0.10934493,10.66515302658081,0.46070131099333533,0.13260524
168,0.43383412480560435,0.11333515,9.631268978118896,0.4592960622289561,0.123861
169,0.43627221752094564,0.117868096,9.239290952682495,0.468434905527563,0.11753274
170,0.4312157953279505,0.11005049,9.012146234512329,0.4622237316567409,0.12796822
171,0.4290899644326062,0.111550026,8.913686513900757,0.45827265838626613,0.12399477
172,0.4277771102854283,0.115978956,9.057980060577393,0.46176239454758405,0.1177178
173,0.43647382046975747,0.10996448,8.964689493179321,0.4573546629380061,0.12218687
174,0.4317623581318582,0.11158145,8.953202962875366,0.45281527610467187,0.11800615
175,0.4338360057483987,0.10769395,8.998302698135376,0.4608224181527388,0.1360286
176,0.42746521411029903,0.104381114,9.090152740478516,0.4605515964093641,0.12124854
177,0.4272088729543842,0.109611854,8.969454765319824,0.45292764325727214,0.12997249
178,0.43043285411485477,0.10692113,8.983853101730347,0.46334744672189965,0.13088596
179,0.42198912558692064,0.10750148,9.776844263076782,0.4800401800285185,0.12272801
180,0.42847653671412117,0.11451989,9.294007062911987,0.5129363730179943,0.13147984
181,0.4316401729873987,0.10470867,9.048044919967651,0.46501832562455997,0.13248175
182,0.435298521979925,0.10785004,8.936240434646606,0.4928125576436297,0.13446218
183,0.43001522630999117,0.11171185,8.98040223121643,0.4660639412424995,0.12731913
184,0.4277274908024913,0.101680055,8.981481790542603,0.4542746853033972,0.12609845
185,0.4259339588850083,0.11145331,9.432371854782104,0.4601542492396813,0.1307378
186,0.4244960332890244,0.10822511,9.360012769699097,0.4536847304665528,0.121190876
187,0.42792203479583857,0.108337335,9.054224252700806,0.45699174136014586,0.12584709
188,0.42704724058320986,0.10936203,9.777851104736328,0.4672690676653803,0.12923956
189,0.4272211983671683,0.10362084,9.938133955001831,0.4830736309583801,0.13313182
190,0.4328500416072433,0.11630344,9.269243001937866,0.4580348354117962,0.12832724
191,0.42693121226759245,0.10789257,9.474674940109253,0.46398528012764045,0.1374941
192,0.42467674987098564,0.10842888,9.267724990844727,0.4549949103352651,0.1189008
193,0.4288540282130823,0.10356966,8.94771671295166,0.4650264006595715,0.13599613
194,0.4285374160252606,0.11451174,9.318725824356079,0.4752456825856083,0.12926571
195,0.4275745009305268,0.1074324,8.880687713623047,0.46067609829142236,0.1271906
196,0.42521881958815816,0.105793595,10.04591989517212,0.4549549808310879,0.1282331
197,0.430930509497733,0.107220724,9.158570766448975,0.487147459348259,0.12551223
198,0.4276297284692861,0.109490186,10.225047588348389,0.46807984168413586,0.12010509
199,0.42766781210961885,0.10530259,9.040496587753296,0.45528556389777847,0.11984541
