epoch,loss,pion_con,train_time,val_loss,val_pion_con
0,0.863970701106583,0.3583131,10.403337240219116,0.716203888465417,0.2862554
1,0.7468697065408071,0.30972967,10.29249358177185,0.6586769780631132,0.28335625
2,0.670955292718846,0.28142688,9.647981643676758,0.5806239478120346,0.2258664
3,0.6130142912136335,0.24375868,9.77665090560913,0.5497098670407892,0.21860945
4,0.5981506869352935,0.22213002,9.627640962600708,0.528825577822967,0.20909564
5,0.5746766037267566,0.21174386,10.007137060165405,0.5342551145128797,0.19556317
6,0.5529872478473176,0.19291255,9.287294626235962,0.5253958850156608,0.18080781
7,0.5468089930316988,0.19500087,8.874316692352295,0.5027015679266047,0.16818412
8,0.5485502393195995,0.19105662,9.784514665603638,0.4994735104094878,0.16887553
9,0.550142311539872,0.18368573,10.666993856430054,0.49717909969751706,0.1736603
10,0.5367370136566371,0.17953463,11.696455001831055,0.49991523671701465,0.16438404
11,0.5369368027608716,0.17832857,10.237247228622437,0.5235476095471322,0.1639931
12,0.5411064028612547,0.18486637,8.761335134506226,0.52703028820032,0.16295968
13,0.5306541545122282,0.17446692,8.85953140258789,0.4820717219976453,0.15923151
14,0.5190890643727784,0.1767812,8.736257076263428,0.47894041591742864,0.15847354
15,0.5108236173528151,0.17142178,8.633546113967896,0.4835916926243888,0.14830996
16,0.518057998121497,0.1580273,8.710805892944336,0.47470395147536976,0.1469045
17,0.5132822458913491,0.16935623,8.736637353897095,0.4727315993363336,0.15923485
18,0.5072520308526437,0.1642945,8.799334287643433,0.4772088731259401,0.14514276
19,0.5088500927068561,0.16089968,8.706162929534912,0.4954058072551583,0.14308688
20,0.5080516436913587,0.15974355,8.725170135498047,0.4683920767955008,0.14295454
21,0.504006468608875,0.16210179,8.840648651123047,0.46090090556316576,0.13689475
22,0.5031248218747425,0.15972458,8.90565824508667,0.45882989113446765,0.1415301
23,0.49459151871805945,0.15435153,8.772024393081665,0.4604316841417006,0.14170091
24,0.4999665336340364,0.15654516,8.838305950164795,0.4787231890229456,0.1417534
25,0.4963121381852545,0.1569074,8.797733783721924,0.45280928416991467,0.1314804
26,0.49540963773649044,0.15399899,8.795586824417114,0.4692469768786017,0.14562373
27,0.48863698649264226,0.15007837,8.776733636856079,0.4545966272814588,0.13613689
28,0.4886714846804237,0.15008087,8.997493028640747,0.4599432735936004,0.12952484
29,0.4865861658425025,0.15626048,8.958076238632202,0.4542278659420733,0.13451947
30,0.50000722373415,0.14910932,9.10997462272644,0.4711328197259232,0.1324944
31,0.49401965923437263,0.13930824,9.172746896743774,0.4587694862917628,0.14032522
32,0.4900489062460522,0.14487071,9.518388748168945,0.45936876544738375,0.13451423
33,0.4879201162049251,0.14281854,9.284876346588135,0.45396314787645803,0.12968688
34,0.48998599671184495,0.15081792,9.621235609054565,0.44715081073320956,0.1301707
35,0.49220017780059494,0.14690676,9.452515125274658,0.4452601576187869,0.13067919
36,0.4801194774701762,0.14476451,8.788708448410034,0.46549117848282157,0.1434253
37,0.48053536499218946,0.14823197,8.67335557937622,0.45403512229484916,0.13720456
38,0.48226855721737444,0.15185493,8.723569869995117,0.45622492376455276,0.13839057
39,0.47929713328772044,0.14331846,8.808854818344116,0.45743120438547535,0.13881654
40,0.4822185834104108,0.14053836,8.744309902191162,0.45543047870474174,0.12906763
41,0.48867395036677413,0.15098478,8.782268047332764,0.45018900733989586,0.12885341
42,0.4787470236281958,0.14741662,8.90504789352417,0.44189486242159415,0.12768975
43,0.4854552616253595,0.14557822,8.777571201324463,0.4694891081015215,0.13084829
44,0.4804465217875067,0.14231087,8.835792779922485,0.44813679744904644,0.12266634
45,0.47585080469787877,0.13931166,8.704267740249634,0.4492342819084484,0.13204317
46,0.47569668293172973,0.14246607,8.812594890594482,0.4480473510143263,0.12907003
47,0.48025879510536945,0.13968718,8.799801111221313,0.44489476833972585,0.12538679
48,0.4843169945780336,0.1445704,8.87080192565918,0.44500644935186684,0.13333142
49,0.4704706727056038,0.1398672,8.755470991134644,0.44134595366977014,0.12289493
50,0.4872844113700212,0.13794939,8.745166063308716,0.4725683115506326,0.13222234
51,0.47282562366323266,0.13861442,8.831308841705322,0.4572561493437941,0.1363152
52,0.4755737877021094,0.13837679,8.9559965133667,0.4426110433543146,0.12550302
53,0.4668472680932324,0.13251583,8.924849033355713,0.4445498219946135,0.13894072
54,0.4727546005224612,0.14224665,8.925594329833984,0.48041213865346627,0.13156527
55,0.47629044910722435,0.1416373,8.809695720672607,0.45271595878610804,0.1322634
56,0.47522063462341557,0.14410484,8.752848386764526,0.4636277876168601,0.12189276
57,0.46843859013408484,0.13606009,8.738575458526611,0.45213697736298136,0.1349993
58,0.4725390082253684,0.13694373,10.385026931762695,0.4418763662876219,0.1285484
59,0.4740850340423496,0.13362537,11.444544792175293,0.45335362500294824,0.12924525
60,0.47505779956516464,0.1368589,9.115309953689575,0.4575015074113971,0.13060804
61,0.4719399951452076,0.13488106,11.024170160293579,0.4393120999422985,0.13214558
62,0.4687944029694484,0.14043456,10.259825229644775,0.45483324543751247,0.1263461
63,0.4666047639191916,0.13483042,10.524937629699707,0.4421682308215505,0.13150007
64,0.46918614831570343,0.138287,11.464696645736694,0.4554408386466212,0.13272497
65,0.4666474044782703,0.13457778,9.044227838516235,0.4742139663107741,0.12726605
66,0.4709906912929717,0.13365112,9.723619222640991,0.45118968313910124,0.12376331
67,0.4729294073359123,0.13771556,9.143973112106323,0.4460739043730937,0.1327344
68,0.46569187829067904,0.13651085,9.349181413650513,0.4487192975080406,0.1268069
69,0.4685877237756799,0.13744417,9.840694904327393,0.43803332875837725,0.13272324
70,0.47137451368333744,0.13386491,8.996703624725342,0.4861833554390781,0.13638265
71,0.4737669282504407,0.12960781,8.90265154838562,0.441426782934733,0.12125986
72,0.4660560460485616,0.13816708,9.586559295654297,0.44373951149773166,0.1340252
73,0.46531274150040475,0.13155115,9.359143495559692,0.4434634065514558,0.12030998
74,0.4716335446298492,0.13276675,9.264261245727539,0.4429604915200914,0.12459778
75,0.4622810113383934,0.12740317,10.02419924736023,0.4422842016758379,0.13147193
76,0.4655657124416052,0.13126287,9.03111743927002,0.4652527787376528,0.12797695
77,0.4617604746905348,0.13248563,8.770197868347168,0.4457026479966541,0.12223932
78,0.46297451575421106,0.13118036,8.757953882217407,0.44736583154244475,0.13520403
79,0.46887774509249763,0.12934785,8.881179809570312,0.44013283974416645,0.13108855
80,0.46407927314343134,0.13578846,8.866095542907715,0.45082311837983674,0.13460292
81,0.4639660159365816,0.13450874,8.968644142150879,0.4443788371415253,0.13524258
82,0.4646927971938661,0.13274361,8.741036176681519,0.45147694720779297,0.13875867
83,0.46659808688230364,0.13588767,8.755381345748901,0.454300463550231,0.14093208
84,0.4630805012453513,0.12653507,9.123371601104736,0.4510110316917792,0.12367861
85,0.4634953546856632,0.12697828,9.123340129852295,0.4488358355184592,0.12961458
86,0.4724859962508125,0.13122599,11.175401449203491,0.4479751804498376,0.13337943
87,0.461238767489603,0.13161595,10.96788501739502,0.4709638935617345,0.12748955
88,0.46358482289202174,0.1357172,10.460201740264893,0.4415572447806789,0.13535096
89,0.4632374032298624,0.12894282,10.255925416946411,0.448873983253147,0.13939905
90,0.4620385201689603,0.13600998,10.056552648544312,0.4453465510614467,0.13324906
91,0.45936299632549404,0.12193921,10.053831815719604,0.443732006782498,0.12521145
92,0.46787981060603606,0.13012022,10.360085487365723,0.4491070891492669,0.13088928
93,0.4698849896360626,0.12783247,10.117788791656494,0.4495033466463306,0.13439824
94,0.4631689553957146,0.13170761,10.108312606811523,0.45287806713147377,0.13764203
95,0.46308445247362695,0.13126884,11.722259759902954,0.44861334687145094,0.12256781
96,0.45869936983075504,0.12625636,11.094857215881348,0.4479087092324367,0.13913569
97,0.47063992045169384,0.13751179,10.565143823623657,0.4424847067537376,0.13279925
98,0.4558132802935659,0.12843356,10.34071135520935,0.4544221799254458,0.13261314
99,0.463609897003673,0.12966226,10.329932451248169,0.44376600896854135,0.1181299
100,0.4622418433453866,0.13441683,10.178075790405273,0.4686462540218758,0.13269939
101,0.46256464602638225,0.1259727,10.20898723602295,0.4419933980843195,0.12332418
102,0.45817570044586686,0.12924501,10.199589729309082,0.48286574877917626,0.12248476
103,0.46466531102279013,0.12987253,10.284902811050415,0.44486409142405675,0.14585714
104,0.4649401670534428,0.13111663,10.331764698028564,0.44605279566884165,0.12637773
105,0.45948477526414305,0.12747361,11.197420835494995,0.45468763945987134,0.13462466
106,0.46144724690553546,0.13202684,10.8745756149292,0.446218725553543,0.119215086
107,0.4622624733633961,0.13153668,12.26849102973938,0.4474101848826851,0.12515892
108,0.4588760325673165,0.1311547,11.774455785751343,0.4433189484688831,0.13387136
109,0.4589413722000647,0.12961729,12.965810298919678,0.46581132395338015,0.13575496
110,0.456421127911503,0.12927474,11.851660966873169,0.4392666620001911,0.1262276
111,0.459589152193012,0.13012673,11.322199583053589,0.4409924315315896,0.12323478
112,0.46277784863822896,0.1417998,11.333765506744385,0.46847848974495104,0.12662429
113,0.458407027230843,0.13108298,11.382498025894165,0.4412280098044601,0.120121405
114,0.4525025671372982,0.12367914,11.314577102661133,0.4517932796449898,0.13958037
115,0.46185281214702284,0.12975931,11.232655048370361,0.4437936730893118,0.13095944
116,0.45458507424008054,0.13086161,11.328283071517944,0.45010663925365135,0.13216984
117,0.45521163116206226,0.13125153,11.3101327419281,0.4402333268580977,0.12770052
118,0.4517774749816846,0.12566508,11.30112099647522,0.4424465053586561,0.1351229
119,0.4555166246929422,0.13074985,11.736806392669678,0.4816207298714464,0.13202052
120,0.45245753996810556,0.121380255,11.351395606994629,0.4657448738114196,0.12246809
121,0.4588935332887852,0.135154,11.336062908172607,0.44992091981013266,0.12635176
122,0.45471507748542417,0.12692374,11.183838605880737,0.4490707332404525,0.12783207
123,0.45303057082764153,0.12643476,9.990585803985596,0.443550446020507,0.123857
124,0.4570590391048999,0.12053618,10.39181923866272,0.4510241133953511,0.12837552
125,0.45788967007175224,0.123282716,10.113125324249268,0.4485247803865262,0.12759896
126,0.4578011581029959,0.12839988,11.056761741638184,0.44955524041392453,0.12830852
127,0.45435134919237563,0.12585229,11.000518321990967,0.4412016855782694,0.13116866
128,0.45354384561746847,0.13197047,9.992928504943848,0.4607680279962954,0.1274173
129,0.45275147100036056,0.12351155,9.808987617492676,0.4512813493513161,0.13146502
130,0.45166499254662806,0.12620316,9.777137994766235,0.4412058736182767,0.11964435
131,0.4526426873310666,0.12764886,9.91887617111206,0.47421002249578276,0.12536703
132,0.45707548935341885,0.11886483,9.837368488311768,0.43823367744349817,0.1273522
133,0.4485057284230245,0.11907835,9.853343725204468,0.43882994761640465,0.12943977
134,0.45654274520102595,0.13075837,9.833654165267944,0.4627281682116772,0.11732307
135,0.4582897312554848,0.12773317,9.913036823272705,0.4404390471073204,0.12538491
136,0.45876638355081606,0.12624426,9.896137475967407,0.44564984750885495,0.11705602
137,0.4528584828121264,0.12760176,10.209624767303467,0.4591114055133523,0.12664454
138,0.45589912285178674,0.12632433,9.799812078475952,0.4423744453738555,0.125717
139,0.45575592541175386,0.12435284,9.883809089660645,0.444136779298591,0.12111934
140,0.45118436101679366,0.123770006,10.004655122756958,0.4451023004282822,0.13137758
141,0.45549914730507474,0.12757534,9.919601202011108,0.43804610884744916,0.11972666
142,0.4516462474822285,0.12740077,9.842163801193237,0.4533765244710936,0.1226734
143,0.4502940427934826,0.12505768,9.922594785690308,0.4423523568389611,0.12784505
144,0.45762410394164016,0.13076375,10.782966613769531,0.4445589040380398,0.12708381
145,0.4481053037900375,0.12650298,12.81600832939148,0.4528214482760924,0.13719128
146,0.4527727974996459,0.124934584,11.703335762023926,0.44776297177801483,0.12425178
147,0.4582206639115893,0.12744346,11.734858512878418,0.4636006213985548,0.12704353
148,0.4538910680114256,0.12055489,11.9099600315094,0.4452995676485222,0.13243696
149,0.454266604066129,0.12226133,10.906662702560425,0.4490057036954503,0.13237648
150,0.449521352205293,0.12535787,11.563987016677856,0.44921489181627183,0.13099262
151,0.44588251323933964,0.1179647,11.699861288070679,0.44355893577089606,0.122935385
152,0.45011830226773,0.12572686,10.946904420852661,0.45410731621884604,0.14023176
153,0.4509171234072384,0.12502694,10.514360427856445,0.4544675956673056,0.12670036
154,0.45341020250403347,0.1277822,11.259185552597046,0.4507819546237765,0.12231739
155,0.45378590382784545,0.13010578,11.008699178695679,0.4460022034206507,0.12616248
156,0.4498809566886158,0.12867337,11.002706289291382,0.44358486715363465,0.12434073
157,0.45285778270449883,0.13057156,10.376919507980347,0.4450733122190056,0.12766936
158,0.45460140485547323,0.12169291,10.283791065216064,0.4449734709105578,0.11750397
159,0.45175519386834645,0.12668492,10.222486734390259,0.44519264395039976,0.12841588
160,0.4515720179697449,0.122038975,10.002374410629272,0.44182201577911,0.12502658
161,0.4445976584171814,0.12207965,10.143980979919434,0.44079084168968863,0.11274645
162,0.4490304660825838,0.11774595,11.417391538619995,0.4470869298149071,0.12932357
163,0.45323417628164164,0.13167512,10.174620389938354,0.44410364153392456,0.11799146
164,0.4528090057782802,0.123252265,10.239941120147705,0.4497052876124857,0.117243744
165,0.4520557216800685,0.13043451,10.188049077987671,0.45077673538896107,0.13222213
166,0.45355571071577844,0.12173332,10.273091077804565,0.46912572767936384,0.12507765
167,0.45188064930395966,0.12440827,10.327425956726074,0.4521669197390575,0.12494428
168,0.4495706643006464,0.12355897,10.114180326461792,0.45532688343658695,0.1309342
169,0.44918144322400955,0.12198499,10.308771133422852,0.44856772730035144,0.13766871
170,0.44933574290546646,0.124226,10.159375667572021,0.4512579164813871,0.12308306
171,0.45171400627250846,0.12518086,10.51740312576294,0.44310633218114126,0.1291572
172,0.4524960546799156,0.12267075,10.46327829360962,0.44061440824449,0.11855039
173,0.4505560518466804,0.12384012,10.075494050979614,0.4421562368024251,0.12741768
174,0.4526439542751487,0.1291345,10.56023621559143,0.44412172126834876,0.118109286
175,0.4517708636771245,0.12560354,10.755805969238281,0.4455524528808879,0.1297626
176,0.4546632899572127,0.12576862,10.651461839675903,0.4445980786669218,0.12539333
177,0.4478602302361391,0.12231324,11.514236450195312,0.44545507064606615,0.12699996
178,0.45616317200252154,0.12755129,10.616749286651611,0.4588470052797265,0.12580357
179,0.4486039526635656,0.11849792,10.209526062011719,0.45931876522065507,0.1322768
180,0.44896433894904436,0.12121223,10.141498327255249,0.44639884896401605,0.12337731
181,0.4454972705194239,0.12411513,11.922918319702148,0.4455777401240737,0.13351452
182,0.44912867044911986,0.12470554,11.618395805358887,0.4746290202876087,0.1291793
183,0.44957089773277487,0.12033651,11.660980463027954,0.4403073383285577,0.12755491
184,0.4446684087072721,0.1253452,10.693658828735352,0.4529237025613405,0.13502094
185,0.4536522474863042,0.11956243,10.4403076171875,0.4480640831629219,0.1338686
186,0.4493993397702452,0.12641296,10.753527641296387,0.44609403648533735,0.11972272
187,0.45079225034354853,0.12430711,10.529752016067505,0.4400670802013601,0.13230875
188,0.4510422026535979,0.123305276,10.418627977371216,0.46394432780492145,0.12793037
189,0.4500992861452705,0.12646517,11.117869138717651,0.44668405993339033,0.1242436
190,0.44215461416504925,0.12172689,11.731401681900024,0.44244839801183566,0.11664674
191,0.4441972900965774,0.12042787,10.580565452575684,0.4489601176658969,0.12208356
192,0.4515504722113847,0.12901963,10.66919755935669,0.4540622291800847,0.12188449
193,0.44915289272191267,0.12557702,11.694411039352417,0.4618647746045101,0.11710307
194,0.4447099775448217,0.12166517,12.228713989257812,0.4526898851892406,0.12896648
195,0.4473409945249942,0.122092165,12.784050464630127,0.4425598556190395,0.12710206
196,0.44935587239604513,0.12157818,11.244991779327393,0.4456180583372768,0.11417262
197,0.4454227862023239,0.1210183,11.107502222061157,0.4476332399866201,0.12145163
198,0.44522200497101255,0.11931697,12.180232048034668,0.4467870773100926,0.12111116
199,0.44720602222311706,0.12467931,10.277051210403442,0.4430763428225804,0.12171319
