epoch,loss,pion_con,train_time,val_loss,val_pion_con
0,0.8946155193457852,0.34346074,9.843825101852417,0.8246289134714645,0.31054297
1,0.7880296910594947,0.3142356,9.468711376190186,0.7797541904108981,0.3009961
2,0.7078739182685175,0.2822524,9.451672077178955,0.7223007088086913,0.27884167
3,0.6654446250780326,0.26755354,9.54497241973877,0.600480939891216,0.23726758
4,0.6224076476314537,0.23507589,9.498175621032715,0.6108323109510682,0.22063956
5,0.5925466181259348,0.22036016,9.545185327529907,0.5696336497177441,0.19338132
6,0.5797861993662559,0.20306802,9.508890867233276,0.534359839127932,0.18044207
7,0.5595957719012352,0.20256667,9.446918725967407,0.5486550369946902,0.18460317
8,0.549231772953536,0.19366746,9.407675981521606,0.5528693489621425,0.1851715
9,0.5398469625698031,0.1908629,9.489075183868408,0.5067130278462822,0.16949011
10,0.5457688965615105,0.18436348,9.467195510864258,0.5030038529413567,0.17149596
11,0.5237058087184897,0.16981551,9.579458236694336,0.5033870346162725,0.16258763
12,0.5233190906310461,0.17236027,9.556836366653442,0.49704014573199373,0.16746283
13,0.5157518664228059,0.16769983,9.481099128723145,0.5113767121163245,0.17433341
14,0.5143239713333997,0.1627168,9.4039945602417,0.5070008659354687,0.1612451
15,0.5078163037608885,0.16349474,9.422157287597656,0.49027115327085374,0.16698574
16,0.5011139560091111,0.15926401,9.412855863571167,0.4813795164506154,0.16433254
17,0.5043120483250507,0.16238363,9.445947647094727,0.4969847669268254,0.1535596
18,0.49931122861693,0.15510955,9.426501274108887,0.4789100639473942,0.15648572
19,0.4996058352576603,0.1588262,9.425706624984741,0.49213586211082927,0.16446356
20,0.5045398308078525,0.15929434,9.376374244689941,0.48148085122933726,0.16125387
21,0.4957934751695858,0.15820394,9.415900707244873,0.4851747662264731,0.1587064
22,0.48748073248643103,0.15433857,9.454427719116211,0.47776835575593407,0.15119506
23,0.49094428132031565,0.14331909,9.485903263092041,0.47574187514734123,0.16118835
24,0.4917070629023674,0.15576619,9.481329679489136,0.4779818706774298,0.15087964
25,0.49063150259727284,0.14915158,9.477993488311768,0.4752031806738593,0.15607637
26,0.4846570039541933,0.14728174,9.492214679718018,0.4768277405192762,0.15167384
27,0.4885543858360418,0.14973763,9.615957975387573,0.47707294124966776,0.14643641
28,0.4838087940691549,0.1524136,9.56055474281311,0.49586132090337337,0.14154996
29,0.483639210889881,0.14888129,9.514018774032593,0.4746661201013022,0.13794565
30,0.48523478669794695,0.14761196,9.532674312591553,0.46522169054182805,0.14458764
31,0.47736702313422413,0.14047392,9.965231657028198,0.4604738391203687,0.13278094
32,0.4747204024018482,0.14533736,10.968029260635376,0.46864781323560684,0.14470832
33,0.4752316055663602,0.14555025,10.275297164916992,0.4694395189705206,0.14605823
34,0.4811723982657152,0.14372973,8.818500518798828,0.48051257359458655,0.14530675
35,0.4764397830122502,0.14300418,8.688971757888794,0.473398178086237,0.13671021
36,0.4715805055940133,0.14263639,8.695043802261353,0.4693309766708771,0.1325688
37,0.46924664128345717,0.1361116,8.671267747879028,0.4628367489675647,0.1343535
38,0.46807942583299184,0.13637452,8.69351315498352,0.485921248847309,0.15719923
39,0.4739743557424196,0.14257427,8.628758907318115,0.45610234009615624,0.13896695
40,0.4715607781316742,0.14249018,8.647146224975586,0.4665371376209136,0.13748993
41,0.4721448905532234,0.14276142,8.688954591751099,0.4563594049233557,0.145096
42,0.46311259621000883,0.13405901,8.664419174194336,0.4628763010492944,0.1439096
43,0.4659158508067426,0.13897161,9.016541957855225,0.47303730496051805,0.14065929
44,0.46317904727176534,0.13278317,8.733851671218872,0.4909162461109122,0.13891779
45,0.4661410167804326,0.13054444,8.709218740463257,0.4541873834948684,0.13714182
46,0.4610652769254148,0.13088536,8.692854166030884,0.48655508417776755,0.151113
47,0.45981127827481244,0.1265467,8.670031785964966,0.4504675528805339,0.1347073
48,0.4659296036680282,0.13459046,8.70429253578186,0.45166667549839556,0.1251197
49,0.471431774575303,0.12716222,8.680411338806152,0.5437136944035047,0.1470774
50,0.46151070089507057,0.12969403,8.767467737197876,0.4577115343627132,0.1288846
51,0.45980724834607895,0.12592964,8.828633785247803,0.4608118781484904,0.1441537
52,0.45843774625821515,0.12898093,10.055232286453247,0.45153692349289926,0.14206429
53,0.4643842225223366,0.13325918,9.53892207145691,0.45888804944345474,0.12815635
54,0.45378688845092785,0.122784734,8.827790021896362,0.45100520801600935,0.12360599
55,0.454697326956212,0.13017923,9.137346029281616,0.4459788476760109,0.12820423
56,0.45364324622957347,0.12490707,8.734535455703735,0.4466075225433335,0.13514172
57,0.451810671442401,0.1291045,8.710166454315186,0.45794602674880186,0.13124491
58,0.45290905666940523,0.12163073,8.697295188903809,0.45852445848982826,0.13604687
59,0.4573030096046184,0.13241953,8.678319931030273,0.4551687563937037,0.12600252
60,0.45879166632272894,0.13167235,8.74364423751831,0.4594674444530984,0.12950781
61,0.4552556014011642,0.12643936,8.713531494140625,0.4528707607308848,0.13577475
62,0.4513924351851803,0.12414829,8.66828203201294,0.4469837346680105,0.13675655
63,0.4431953753600258,0.12247697,8.733600378036499,0.44639361638756925,0.124024995
64,0.45471663930058925,0.12489563,8.667754173278809,0.44831649167162346,0.12670045
65,0.4540690463516517,0.11946386,8.67575740814209,0.459792632906261,0.1291003
66,0.4543329098688498,0.12919056,8.668128967285156,0.45205342302067836,0.13538818
67,0.45128173212148964,0.12155952,8.65468716621399,0.454004749668897,0.13716654
68,0.4503078964856406,0.1299399,8.835821151733398,0.4471758332413826,0.12722576
69,0.44611031060216866,0.12130149,8.72299337387085,0.4491877082880968,0.13217446
70,0.4530287608404416,0.123159856,8.73648715019226,0.4510445198693352,0.14105202
71,0.4494015088282115,0.12462894,8.734970331192017,0.44976684600064154,0.13283148
72,0.4474297214316594,0.123688385,8.731971025466919,0.45301781904328564,0.12611657
73,0.45319496624021044,0.1229022,8.688314437866211,0.44832553786714235,0.13012078
74,0.445517972672475,0.12464377,8.687175750732422,0.45420945894146647,0.119012624
75,0.44880361340433217,0.124176875,8.72991156578064,0.4437000809843465,0.13009672
76,0.4448428283811961,0.11691024,8.687848329544067,0.44740733426673523,0.13954438
77,0.4452099722568587,0.118804164,8.733191967010498,0.44315770083404404,0.12856734
78,0.45302551051825085,0.1195078,8.679611921310425,0.4964060466413553,0.12966655
79,0.44583012027889724,0.12167147,8.716383218765259,0.451927670205138,0.12868868
80,0.4469562829263409,0.12611134,8.648976802825928,0.4525386094074191,0.13618118
81,0.44567971856009375,0.12567104,8.709978818893433,0.4492886532127188,0.14070924
82,0.44258106731124286,0.1208851,8.67527151107788,0.48857506967571795,0.14306483
83,0.44962876132056107,0.12168551,8.66182017326355,0.44851621826949145,0.1312941
84,0.4415638613540133,0.12143357,8.711936235427856,0.461122978619271,0.13591258
85,0.4427036444971443,0.11283108,8.698232889175415,0.4993067656658572,0.13041887
86,0.44499177527870964,0.121437944,9.328660488128662,0.4625171835063388,0.13318078
87,0.44477266535104737,0.11752423,8.935874938964844,0.4467586248272011,0.12725359
88,0.44404731918174767,0.11996093,8.818188428878784,0.4476162651249115,0.11955691
89,0.44355215849776997,0.12227422,9.732330322265625,0.4639875795779606,0.1347207
90,0.4411123536181342,0.11536186,10.097470760345459,0.452064589214179,0.14159949
91,0.4467028799739268,0.12159739,9.691441535949707,0.45990250340857014,0.1345413
92,0.44580812022894495,0.11530861,9.649081468582153,0.4583714435494542,0.12828256
93,0.4405562797485039,0.11698582,9.609858512878418,0.4453997277435256,0.112662345
94,0.4476779897411329,0.11760838,8.753953456878662,0.4564027023453244,0.13330124
95,0.4374116376033391,0.11385562,8.767636060714722,0.4509889181902197,0.1251397
96,0.4355765632697783,0.117538765,8.799344539642334,0.4449066336768616,0.13144581
97,0.44059750036075945,0.11433165,8.780797004699707,0.4482895247123956,0.12366137
98,0.436879449850711,0.11830742,8.729461431503296,0.443439721651768,0.1240583
99,0.4364112437550743,0.12465142,8.722296953201294,0.44709639682610886,0.12503852
100,0.4490526629577941,0.119328074,8.702767372131348,0.4457773665370928,0.12941623
101,0.4390979581838657,0.114413865,8.72433090209961,0.44421103093057457,0.12488225
102,0.43980790130791586,0.11693061,8.774377822875977,0.451818542203219,0.12531194
103,0.44608128140544334,0.12208888,8.757102966308594,0.4484210405776145,0.12928228
104,0.43711385456518564,0.11582388,8.867230415344238,0.4460413680397625,0.1316719
105,0.4423820420707961,0.12040319,8.790238380432129,0.44710443039728404,0.12032425
106,0.4348945376285713,0.12082978,8.766255855560303,0.4512927891506058,0.12919906
107,0.43780974127979455,0.11633131,8.749769687652588,0.4452689672987788,0.12373543
108,0.4355027968440779,0.11645124,8.740718364715576,0.449705811233514,0.13280982
109,0.44362419220772686,0.1196732,8.724256038665771,0.45281459415538583,0.120799296
110,0.44394502579367984,0.119051725,8.760706663131714,0.44569013740123836,0.11322098
111,0.43830886817571824,0.11336193,8.782363176345825,0.4412213523912414,0.116199255
112,0.43080782802425815,0.11347439,8.728485822677612,0.44820346932798694,0.120083116
113,0.43842476341586867,0.11639303,8.911668300628662,0.4805486625370141,0.12523243
114,0.4373215118652574,0.11963247,10.035813331604004,0.44211049446724016,0.114860915
115,0.43048198349604955,0.10688254,10.28839373588562,0.4838209543046559,0.116789125
116,0.4401001880325989,0.111831695,8.850066900253296,0.46731653581748644,0.13179833
117,0.4352433353136169,0.11770605,8.797406911849976,0.4414315239319547,0.12106157
118,0.43839570220036334,0.11522614,8.763055562973022,0.45012273173152245,0.12702154
119,0.4327911360909863,0.112447284,8.790705442428589,0.4522828008154954,0.12271319
120,0.43609518775857303,0.109673806,8.777159690856934,0.45272872402772574,0.12382826
121,0.43922760359752855,0.11523046,8.786169528961182,0.4558779151352114,0.1264866
122,0.4316391813316376,0.1146644,8.894535541534424,0.45584405878294654,0.12776107
123,0.4345444510525759,0.11357063,8.840915203094482,0.4461880620342256,0.14382102
124,0.4322319321964182,0.11037561,8.83420991897583,0.44602272871480186,0.12570634
125,0.4317496903064806,0.11013837,8.838615655899048,0.4434706693156079,0.12041051
126,0.43895437322968506,0.11318824,8.899891138076782,0.47447727380338794,0.12354969
127,0.43689352388353797,0.11385555,9.020321369171143,0.45549898060638455,0.13135958
128,0.43857468777235015,0.11100812,8.812772989273071,0.4451834418383718,0.124572195
129,0.43776911667577195,0.11039322,9.154951333999634,0.45092010321725756,0.123974085
130,0.4317360511075503,0.112899594,9.733680248260498,0.4455736221585376,0.12644868
131,0.4385809939069422,0.11547951,8.915634870529175,0.4457044088710777,0.1277722
132,0.43063927531191415,0.11207174,8.819488048553467,0.439439742454093,0.12562588
133,0.4302767167798505,0.11323219,8.8018958568573,0.4709630611963476,0.12671311
134,0.4342441093005433,0.110961884,8.803309440612793,0.4475615436043394,0.12532352
135,0.4339167373498985,0.10859557,8.922504425048828,0.44262594114514037,0.11838358
136,0.4322395889637379,0.1108669,8.878694534301758,0.44665915828625063,0.12687431
137,0.433862271445152,0.112192936,8.966027975082397,0.44577786353160553,0.12769493
138,0.4346189654933499,0.11514949,8.95942759513855,0.45821181405608,0.11881789
139,0.43602138268556423,0.11476132,8.942511320114136,0.4406344419249626,0.122258775
140,0.4361684710133039,0.10888941,8.991193771362305,0.4523776293530508,0.12178333
141,0.43723114047500067,0.11431954,8.973703861236572,0.45559151875693066,0.12696129
142,0.4367191281083308,0.11650041,9.101696968078613,0.4433518645958769,0.12386827
143,0.4296021720050378,0.109176956,8.95449161529541,0.4515553165702178,0.12332006
144,0.43436180809217617,0.11435727,9.076188325881958,0.4417198752513835,0.13277355
145,0.428362968242624,0.10905517,9.663106918334961,0.4462474152612994,0.12933889
146,0.4357720850521303,0.109038986,9.315960168838501,0.44610211958045337,0.12296436
147,0.4319023154119385,0.11281822,8.898550271987915,0.44038268267723296,0.12249616
148,0.4274219431606807,0.112761915,8.791406154632568,0.4395470777971734,0.11604228
149,0.42435428005236087,0.10921557,8.87363600730896,0.44273707182259026,0.12618156
150,0.4280291007730112,0.109739594,9.00021767616272,0.4388258436977843,0.12284936
151,0.4322199887965896,0.114935264,8.907084941864014,0.44074509901402154,0.11861478
152,0.43036091651682307,0.10839228,8.892354249954224,0.4415171894967171,0.12875803
153,0.4273490847675243,0.11472251,8.904435157775879,0.43941777611784044,0.13261202
154,0.42992302330643944,0.10777644,8.883899927139282,0.4604880078639031,0.12391389
155,0.4333416872146731,0.110015795,9.032780885696411,0.4360606661178514,0.117560044
156,0.4286994931071169,0.107469566,9.14982795715332,0.43762474296572096,0.115343
157,0.4216604755114736,0.109774016,9.066835880279541,0.4466842871038981,0.12370104
158,0.42985377165494454,0.10824645,9.029947519302368,0.4428371663464044,0.1190557
159,0.43043102982490244,0.108293205,9.014752388000488,0.4392456344158136,0.11445561
160,0.4259385757801247,0.10639133,9.253556728363037,0.4378901050837419,0.11816138
161,0.429443001098059,0.10448628,9.162729024887085,0.44114777961785756,0.12425457
162,0.4226091332472062,0.1026304,9.046966791152954,0.4396590546498044,0.115890674
163,0.424074251402534,0.112583645,11.222226858139038,0.4435747499674285,0.11643588
164,0.42205561651538465,0.10797967,9.115516901016235,0.443672380810974,0.1265524
165,0.4287637192107806,0.109947085,8.990755796432495,0.4368515763729456,0.12209919
166,0.4223974681077057,0.10954912,9.25084662437439,0.4453439003754051,0.12736894
167,0.4297818993017127,0.11045992,11.091875314712524,0.4427810335070128,0.12083961
168,0.4297893287616919,0.11411679,10.35404372215271,0.4496306505709106,0.12400866
169,0.42878017059879503,0.1054819,8.921234607696533,0.44889444139529877,0.1282545
170,0.4250479372618964,0.10777409,8.930548429489136,0.4391879554712541,0.122690514
171,0.42664477162474074,0.10744041,8.872107028961182,0.4399776663840202,0.12459992
172,0.4258735114791233,0.10778086,8.888586521148682,0.44667558366042015,0.11548366
173,0.42656113420445574,0.11158186,8.883814811706543,0.44465145267462575,0.12633699
174,0.42474650206322856,0.11043451,8.936615705490112,0.4379116991797664,0.1265112
175,0.4229769118780003,0.101514675,8.885773420333862,0.4387863047793381,0.11415691
176,0.4267069367731211,0.11136665,8.867759943008423,0.44378693526352964,0.12605529
177,0.42915862136416966,0.105114296,8.868982553482056,0.4508953905215031,0.11978447
178,0.4304095290192905,0.10905149,8.807594060897827,0.440523645181471,0.12568882
179,0.4256799789975928,0.107733205,8.96529483795166,0.4748342669524939,0.13254356
180,0.4267850463313133,0.11128829,8.817636489868164,0.44218542613937756,0.13168576
181,0.4238334080025851,0.10698939,8.824402570724487,0.44766661080321823,0.128462
182,0.4221403642442899,0.107966885,9.310242891311646,0.43894065185818937,0.1254044
183,0.42675520630656466,0.10761445,8.992267847061157,0.4387070280826242,0.118546
184,0.423794393964794,0.106442876,8.88058090209961,0.4414050783644076,0.12293263
185,0.4306175658188271,0.10791026,8.91492772102356,0.439712838085279,0.11318235
186,0.42267964812668474,0.10535438,8.846647262573242,0.43326165401096534,0.12748022
187,0.42294048565175324,0.109217845,8.865193605422974,0.44616457240308316,0.11340412
188,0.4264228165535311,0.10847582,8.892906904220581,0.45654206843004874,0.124544136
189,0.4193242872549473,0.1021226,8.847071409225464,0.43868951221908364,0.12010545
190,0.4236172958732251,0.10724553,8.904461860656738,0.4406719652721161,0.123648986
191,0.4229540042668197,0.107641965,8.823724269866943,0.4388653655171354,0.11103603
192,0.42334369609867356,0.10256411,8.85185956954956,0.444635315218656,0.12576202
193,0.42188674313060764,0.11234878,8.847072839736938,0.4335359006704663,0.11841319
194,0.4246492980069448,0.11120753,8.894150257110596,0.4491127731341239,0.11865857
195,0.4259215122578164,0.10853252,8.821600914001465,0.43881490513484767,0.118607774
196,0.42209309741299683,0.10797687,8.92118239402771,0.4349759988134631,0.120495416
197,0.4242576469545175,0.10851641,8.938712358474731,0.44402471685928374,0.123342685
198,0.4245890482902036,0.11334881,8.851438999176025,0.45774690977410776,0.127164
199,0.4213710075569242,0.1143208,8.818186521530151,0.44045717653389976,0.120283715
