epoch,acc,loss,pion_con,val_acc,val_loss,val_pion_con
0,0.73060983,0.5218142215577907,0.5400155,0.7243931,0.5260157101672384,0.52759963
1,0.7414644,0.499564992151059,0.4998565,0.7300178,0.535963414758532,0.5161645
2,0.7418591,0.49673420319031136,0.4900159,0.723505,0.5294793992087713,0.5002322
3,0.74916124,0.4836409127239365,0.49334583,0.7240971,0.5350458987229247,0.5057463
4,0.75409514,0.4794387765859555,0.47452888,0.7214328,0.5378918176998818,0.5037651
5,0.7497533,0.47976826740388734,0.4851714,0.7001184,0.5726130622741807,0.548227
6,0.7564634,0.4756059908869235,0.45839062,0.723209,0.5607099488615778,0.5349418
7,0.75902903,0.46964672383105516,0.45409602,0.7110716,0.5757146123388662,0.54316044
8,0.75666076,0.47233480617965684,0.44930795,0.7258733,0.5654139248770041,0.5417484
9,0.76317346,0.4663585309554586,0.45462358,0.7226169,0.5706410208632072,0.5383682
