epoch,acc,loss,pion_con,val_acc,val_loss,val_pion_con
0,0.7250839,0.529037350083282,0.51024103,0.7522203,0.4935452469077034,0.47970077
1,0.73929346,0.4925347898682594,0.46932793,0.7471877,0.4926192901627138,0.48986173
2,0.740675,0.4905973839964508,0.48143435,0.74600357,0.5003330462108779,0.4901744
3,0.74403,0.4875538086653556,0.46820608,0.73801064,0.5257561447847658,0.5378632
4,0.75093746,0.478219127393884,0.45045942,0.7098875,0.5585053097291273,0.4899651
5,0.74995065,0.4902258675985843,0.43251446,0.74511546,0.5048315557345192,0.49270597
6,0.75251627,0.4718744574930392,0.44151896,0.73238605,0.5251140423679296,0.5434594
7,0.7554766,0.47294610676996945,0.46904466,0.7332741,0.5373015098489905,0.50849926
8,0.76731795,0.45383653164098126,0.4414359,0.7386027,0.5352672569281678,0.5251007
9,0.7625814,0.46687953719049136,0.43793678,0.74097097,0.5171017115676523,0.5012824
