epoch,loss,pion_con,train_time,val_loss,val_pion_con
0,0.3460661441880407,0.7739648,4.724611520767212,0.34734472650085724,0.69079137
1,0.3255311311581928,0.6897331,4.590967655181885,0.33261523183125846,0.6864803
2,0.3026530617063599,0.66886866,4.420963764190674,0.31657188667006536,0.6294572
3,0.2953784490378464,0.6331261,4.635283946990967,0.30791579289862264,0.60073185
4,0.29021227353473034,0.6086893,4.42954421043396,0.3155201053960458,0.5982986
5,0.28915838513305114,0.59740514,4.5247437953948975,0.3007825689139436,0.645041
6,0.2848398793162962,0.57986194,4.633358478546143,0.2983617880547371,0.55206853
7,0.28520921549916567,0.55972487,4.515045642852783,0.3117127411447034,0.59799963
8,0.2821573656491031,0.5627659,4.485179662704468,0.30097030276862874,0.56189805
9,0.28150697358440746,0.54059136,4.602689981460571,0.29645556267623874,0.5759182
10,0.27923422130917747,0.5435939,4.499489068984985,0.3050893962757619,0.5635634
11,0.28027284458744883,0.53773844,4.608130931854248,0.2976553495830368,0.5762694
12,0.2782392001382119,0.54767865,4.487940549850464,0.2964636989182221,0.5343684
13,0.27857744303415444,0.5252754,4.571705102920532,0.2993374660621551,0.5680864
14,0.28021801495759324,0.54049844,4.5333874225616455,0.2989560020236144,0.5605769
15,0.2766480996129843,0.5267601,4.402431488037109,0.29817574827386545,0.5552371
16,0.274873354971473,0.5319182,4.555830955505371,0.2936309495965501,0.55489826
17,0.27456731002474916,0.53155077,4.598426818847656,0.3051079062839862,0.5754799
18,0.2742225110694857,0.53009945,4.51262903213501,0.30050998726510036,0.58789724
19,0.2771178731454086,0.54250294,4.487742185592651,0.30109243251939627,0.5491499
