epoch,loss,pion_con,train_time,val_loss,val_pion_con
0,0.3393406652779596,0.7466686,17.18675398826599,0.3163403628364112,0.6265696
1,0.2932722773195696,0.58804125,16.24552035331726,0.3051543810924116,0.5711373
2,0.285777042232195,0.55495834,16.567240476608276,0.2958260351806276,0.5715141
3,0.2820902926400265,0.55281234,16.835796117782593,0.3069027638152522,0.5867597
4,0.27921166889164184,0.53027326,16.69778084754944,0.2966687067022543,0.5769856
5,0.27725558287457436,0.5242295,16.90181612968445,0.3020299112805102,0.57742465
6,0.278080406140049,0.52656615,17.0659396648407,0.2976637729089408,0.5552834
7,0.2767294716413366,0.5323904,17.678977251052856,0.297148839065601,0.55951875
8,0.27585131782766076,0.52278817,18.115431785583496,0.2986185252458502,0.544943
9,0.2733851302115499,0.51431406,17.171773195266724,0.2980014888539817,0.5443102
10,0.27154903483028575,0.51032037,17.223732233047485,0.29696144202083286,0.56254506
11,0.27144998492757044,0.5080442,16.725682258605957,0.3042618219181115,0.5574847
12,0.27148877830650264,0.5128268,16.949323177337646,0.2991333008332429,0.5555619
13,0.27018299647489363,0.5130627,18.76793336868286,0.29571751013803715,0.5213993
14,0.27122002601226597,0.5066065,16.96684241294861,0.2999025894392643,0.57482386
15,0.2684756016753367,0.49497974,16.440962076187134,0.3012444719890573,0.5429142
16,0.2661679468500218,0.5003598,16.88223886489868,0.30217403626824624,0.5722792
17,0.2657554160501843,0.4878829,16.875882387161255,0.29483447194265805,0.5613223
18,0.26789854825881176,0.49769703,17.132925748825073,0.29587977712834873,0.56720996
19,0.26505915347899567,0.4934503,16.785696744918823,0.29674033542987105,0.5682673
