epoch,loss,pion_con,train_time,val_loss,val_pion_con
0,0.352943405522662,0.8344285,4.813435792922974,0.34513219463101485,0.6730032
1,0.32687732496867034,0.70178384,3.7684292793273926,0.34095333220238294,0.65911984
2,0.32056998898382416,0.6735201,3.6305742263793945,0.3386396719227283,0.6450894
3,0.3163508476443081,0.669488,3.813063859939575,0.34146867310842766,0.62529993
4,0.31075496547515064,0.6798811,3.6306488513946533,0.3234432257519514,0.65065396
5,0.3018664350163382,0.6560741,3.6799910068511963,0.31031430191870596,0.60015
6,0.29623474611921136,0.62084293,3.762255907058716,0.30791124784688556,0.56390864
7,0.2914128642040952,0.6036711,3.8321776390075684,0.30257279689463384,0.56722
8,0.2876338680575718,0.5718497,3.67927622795105,0.3016702843269766,0.5778237
9,0.28663572542223487,0.5741105,3.7015531063079834,0.2995144943216008,0.5391736
10,0.28452463290580327,0.54714286,3.74631404876709,0.3066591980028053,0.53083813
11,0.2854112021997319,0.5434657,3.7169909477233887,0.2994144680569909,0.5522279
12,0.2839234593646466,0.5503664,3.712306261062622,0.30850690807068337,0.5677446
13,0.28199655767970666,0.53166884,3.8220109939575195,0.29737347918669826,0.5802161
14,0.28143804513386533,0.53048366,3.731590509414673,0.2967154865737404,0.5308681
15,0.2807954186628218,0.51790166,3.663097858428955,0.30482531377924793,0.5542036
16,0.28028009416013405,0.5392168,3.640716552734375,0.2981745652485293,0.58765113
17,0.27925861943491614,0.53232265,3.72094464302063,0.3067989066627919,0.54652923
18,0.2831603488699359,0.5371195,3.7954719066619873,0.3241173099448277,0.58752275
19,0.2793269197768836,0.532238,3.672250270843506,0.299064302415342,0.551674
