epoch,loss,pion_con,train_time,val_loss,val_pion_con
0,0.3365078797303124,0.73896116,8.319530010223389,0.3148095146892625,0.6529153
1,0.3022938222043626,0.63479483,7.984488248825073,0.320577108851697,0.569287
2,0.29004297947139174,0.5832109,8.156764268875122,0.2985177045507358,0.5838748
3,0.28571579769552624,0.5552731,8.11891222000122,0.3016108714527628,0.5625797
4,0.28551071145300916,0.5557053,7.896870136260986,0.3102889379066599,0.538116
5,0.279903156473462,0.5446405,7.976758718490601,0.30202727759125675,0.56710905
6,0.27753949665793176,0.5308113,8.015561580657959,0.2991278893928468,0.5642179
7,0.28145613791557356,0.52927554,8.126654148101807,0.3043039776774777,0.5549748
8,0.2760488548288839,0.52774423,7.949245929718018,0.29916267921603484,0.5696692
9,0.27724588350095586,0.5267798,8.163392543792725,0.2977276744746031,0.5746917
10,0.27744563253876525,0.5274077,7.875174522399902,0.29557826663760645,0.5752824
11,0.2751353713543586,0.52155554,7.9061150550842285,0.2972299012577126,0.55631804
12,0.2738305850857472,0.5165454,7.813239574432373,0.3045075935911483,0.5604018
13,0.2726568407553085,0.507291,8.025502920150757,0.2969647997838171,0.5587065
14,0.2721037323395639,0.51574075,7.995799779891968,0.3059688291180325,0.58212775
15,0.2721234566543254,0.49798033,7.998985290527344,0.2964242882896618,0.5408203
16,0.2707056253381944,0.5135729,8.211339950561523,0.296143554489012,0.54078436
17,0.27076068603973924,0.5097999,8.52316951751709,0.3005899997520347,0.58278376
18,0.2713521627326966,0.51730245,8.012186050415039,0.29791867218272133,0.5403602
19,0.2690079076956984,0.496209,7.935633659362793,0.2971934270833808,0.56282115
