epoch,loss,pion_con,train_time,val_loss,val_pion_con
0,0.3334126126668991,0.70645326,45.64978885650635,0.30850002679139354,0.60968095
1,0.29203658444226754,0.5828999,43.458749294281006,0.29975033592528927,0.6056632
2,0.282458197807526,0.5545427,42.30003833770752,0.29908279393489595,0.58284307
3,0.28120548513610955,0.55502945,43.865771770477295,0.30152416393545567,0.595972
4,0.27883222105424454,0.52309304,44.17626738548279,0.2954086441512883,0.5673344
5,0.2754601476323392,0.53933716,42.63356280326843,0.2940489189115672,0.53815764
6,0.275189257345022,0.52553064,43.86553406715393,0.2949186080997837,0.5641914
7,0.2742853117967453,0.5225206,42.930636405944824,0.29581114156880084,0.54833627
8,0.272754567338409,0.52532107,42.86634349822998,0.29690841392504114,0.5455053
9,0.27305281163093864,0.5116906,42.31543207168579,0.2942207043227497,0.56381625
10,0.2686078168079509,0.51654917,44.07060360908508,0.3072039268271372,0.5756199
11,0.2693060499511942,0.5158797,42.799798011779785,0.31092056713150834,0.5322608
12,0.26899622196704714,0.5089602,42.157071113586426,0.2940793935851625,0.5619854
13,0.26764469044024175,0.50208473,41.7930474281311,0.29911710830393656,0.5627585
14,0.2664124722252975,0.4905186,41.73387002944946,0.2960917281775897,0.5594379
15,0.2650448480100967,0.48898444,41.91226506233215,0.2959700897491985,0.55870867
16,0.2631615389487711,0.48408687,41.68153166770935,0.29675827605359967,0.563508
17,0.26307145432668727,0.48508787,41.77009439468384,0.3024406002396399,0.53374463
18,0.26207483773972706,0.47867295,43.0807843208313,0.2970125133643513,0.56484187
19,0.25975603815014386,0.473832,41.79372978210449,0.30292380812778724,0.5449755
