epoch,I-out_loss,I-out_pion_con,X-out_loss,X-out_pion_con,loss,train_time,val_I-out_loss,val_I-out_pion_con,val_X-out_loss,val_X-out_pion_con,val_loss
0,0.17337042,0.054408073,0.35005227,0.7634703,0.5234224911977188,5.223649978637695,0.04358028,0.08376658,0.33584946,0.6621907,0.37942974270429963
1,0.03295969,0.03037837,0.32539022,0.6846578,0.3583499441692769,5.083300352096558,0.04152807,0.056968145,0.32628432,0.67902154,0.3678123630058158
2,0.03182612,0.039442807,0.30916008,0.6713509,0.34098624442949693,5.319128513336182,0.04252169,0.073238716,0.306487,0.6087697,0.34900872988544474
3,0.031476907,0.025867881,0.29129794,0.5952746,0.3227748651369891,4.536746263504028,0.040852312,0.044377435,0.30325052,0.5789553,0.34410277379199666
4,0.030561157,0.04829796,0.28784233,0.5882438,0.3184035304818954,4.637840509414673,0.040306833,0.06445287,0.3010523,0.6400085,0.3413591361802854
5,0.029884448,0.044389404,0.28197068,0.57435155,0.3118550997200245,4.962050914764404,0.038803503,0.037046056,0.290718,0.5835194,0.3295214675309686
6,0.029085787,0.03857878,0.2795893,0.55250907,0.30867509359153883,5.2985265254974365,0.038503174,0.03970577,0.2943015,0.5883364,0.332804651004155
7,0.028813738,0.029638266,0.27708593,0.54667145,0.30589956290680914,4.267463207244873,0.038728807,0.082115635,0.29254416,0.57971394,0.33127288604564625
8,0.028780397,0.029061114,0.27718067,0.54519683,0.30596097699892877,4.350229978561401,0.038469717,0.06978465,0.29988262,0.6099045,0.3383523574344611
9,0.028762905,0.04140068,0.2751575,0.54752326,0.3039203566938143,4.463629722595215,0.038289964,0.07585791,0.28727907,0.56714636,0.32556901575798597
10,0.028789137,0.03315251,0.27526224,0.552567,0.30405131297095916,5.364287853240967,0.038471896,0.10295352,0.28784972,0.56887376,0.3263216185469937
11,0.029033918,0.029815985,0.2753869,0.55222696,0.30442091866120835,5.1208579540252686,0.038293608,0.06908725,0.294652,0.5577844,0.3329455968556667
12,0.028411869,0.01254469,0.2729239,0.53442836,0.30133581278084254,4.644164323806763,0.03829112,0.053480163,0.2874052,0.5645366,0.3256963496743094
13,0.028901085,0.034827113,0.2734105,0.5468718,0.3023115530542938,4.110841989517212,0.038535945,0.070886694,0.29265076,0.56073445,0.33118665944173964
14,0.028437184,0.035030995,0.2707338,0.5207283,0.29917100126693785,4.002267360687256,0.038321573,0.028890328,0.29254732,0.5731538,0.33086893846334814
15,0.028565714,0.031646185,0.27104914,0.5327623,0.299614842432787,4.006721019744873,0.038244657,0.05683442,0.28623375,0.5430444,0.3244784162623518
16,0.028529668,0.05903967,0.27159974,0.5292075,0.3001293778305405,4.090891599655151,0.03856634,0.052824542,0.29182005,0.53172755,0.33038640802171126
17,0.028301785,0.029423159,0.27113116,0.5323114,0.2994329039524839,4.338200092315674,0.038064215,0.051674873,0.28620738,0.5366236,0.3242715430775474
18,0.028399156,0.01904828,0.26995063,0.52408016,0.29834977860617506,4.653595447540283,0.038162604,0.048777424,0.28702506,0.54386455,0.3251877620930615
19,0.0286767,0.027421076,0.2706371,0.5207009,0.29931382917507404,4.455389499664307,0.038777582,0.07310267,0.28643918,0.5542801,0.3252167434893699
