epoch,loss,pion_con,train_time,val_loss,val_pion_con
0,0.34493396838216084,0.76613665,5.087305545806885,0.3139235043309405,0.7066215
1,0.29686586898175726,0.65694946,4.346338510513306,0.30758493547038607,0.6034104
2,0.2900796017362231,0.6076579,3.5110511779785156,0.29671024099065135,0.6243246
3,0.28752175381001366,0.58633655,4.2250893115997314,0.29445152056441803,0.5807436
4,0.284391786838819,0.5623457,3.912957191467285,0.2935726248398579,0.54874337
5,0.2840232478520296,0.5478369,4.938400983810425,0.2912697696802255,0.5437927
6,0.2804580111535356,0.52989805,3.7956461906433105,0.28949841307911606,0.5572031
7,0.2793488923480894,0.5528899,3.9257400035858154,0.2948055797661424,0.5537787
8,0.2767806549201472,0.5279463,4.2150490283966064,0.29075630736034896,0.53361917
9,0.27812047778987264,0.525909,4.33282732963562,0.29791850442247464,0.5759965
10,0.2770530773929067,0.5260224,4.2125513553619385,0.29610678134518575,0.564707
11,0.2753365331882732,0.5097955,3.9940075874328613,0.28828709335986,0.55121684
12,0.2745111790820781,0.5470241,4.577483654022217,0.2859479476543714,0.5455051
13,0.2738254921294744,0.531596,4.178607702255249,0.2952441857232136,0.52954614
14,0.27208313922298893,0.50499505,4.179198503494263,0.2866023239645189,0.551841
15,0.2715032570286602,0.5033347,3.96976637840271,0.3026031312914221,0.5503529
16,0.27041285393906156,0.51213706,3.9679853916168213,0.2888467747767489,0.5423286
17,0.2711087310831622,0.5015122,3.7831385135650635,0.2891277471207607,0.5053413
18,0.2692606916763511,0.50753987,3.8449389934539795,0.29480428713980206,0.5110073
19,0.26936961658696795,0.48672208,4.949827194213867,0.28706224923024043,0.52955014
