epoch,loss,pion_con,val_loss,val_pion_con
0,0.33157154282887824,0.7281924,0.30470664962867783,0.57142407
1,0.29353652475978026,0.57918286,0.2914821128088768,0.5534579
2,0.2886689486955058,0.5599373,0.288596748903767,0.5342106
3,0.2869143595811576,0.54458576,0.2875862573497787,0.5722173
4,0.28204453353534104,0.5495066,0.2887541139707706,0.5472651
5,0.2849439620507155,0.5438719,0.2843629456171258,0.5298651
6,0.28047639275625247,0.54674727,0.2829709618077802,0.5436346
7,0.28123632905335516,0.5307896,0.2936488569510159,0.5786924
8,0.2779335417145351,0.52606213,0.2837799874516581,0.5174745
9,0.27890382298681815,0.5332294,0.2883415521531053,0.54559004
