epoch,loss,pion_con,val_loss,val_pion_con
0,0.3337990265558635,0.74048436,0.30288188487731577,0.636386
1,0.29118334595046197,0.5830469,0.2899948201580697,0.5686831
2,0.2848756892690923,0.55591196,0.29108315273669566,0.5845868
3,0.2854535369177689,0.544837,0.28764116773639037,0.5527067
4,0.2816392533075619,0.5510928,0.2865004493360268,0.5563057
5,0.2808697464731231,0.5358587,0.2909282889018552,0.5801412
6,0.2788364054423882,0.5338744,0.2904370782864576,0.5636902
7,0.27776421211567065,0.5394777,0.28951674699783325,0.55407226
8,0.27736708002124044,0.5312352,0.2876918293301234,0.55609155
9,0.276133481822616,0.51485586,0.2994893324551249,0.566595
