epoch,loss,pion_con,train_time,val_loss,val_pion_con
0,1.0474516103757776,0.67381847,44.20465922355652,1.000009537649857,0.63976777
1,0.9723478378211655,0.58130246,43.06783723831177,0.9689685824883799,0.57721615
2,0.9580662233047464,0.5520156,43.36806654930115,0.9617501004032881,0.5778083
3,0.9500192314225762,0.54311395,43.026891469955444,0.9512554695932746,0.5522021
4,0.9405554537791325,0.5329983,44.39010548591614,0.9518753169596641,0.54493105
5,0.9372502415466909,0.5246947,42.89221143722534,0.9482418456402526,0.52922183
6,0.9333064955211918,0.52308774,43.03449273109436,0.9475099341917399,0.53886294
7,0.9325993079296307,0.5183278,43.27991557121277,0.94168539381936,0.5363291
8,0.9290147110678285,0.5124631,41.01905941963196,0.935241360886768,0.5300418
9,0.9274960999735559,0.5107961,41.12610197067261,0.9330333058726836,0.52527726
10,0.9259860822143078,0.5074638,40.99627685546875,0.9414551933547409,0.522507
11,0.921497597889671,0.51136136,40.982513427734375,0.9723557644662216,0.54519075
12,0.9222851639617592,0.5104809,41.030481576919556,0.9262893253592713,0.51972866
13,0.9198411515112376,0.506936,41.058093547821045,0.9302830889090878,0.5202141
14,0.9221632870845491,0.50421077,41.06595754623413,0.9365788815415145,0.5244227
15,0.92189601097506,0.50522375,40.90540885925293,0.9306422217891585,0.51619834
16,0.9181258869950988,0.5077126,41.10993671417236,0.9527139310763423,0.53639615
17,0.9161174668131502,0.500367,40.977187633514404,0.9397950104656829,0.5337403
18,0.9168758707313038,0.49969998,41.069422483444214,0.9269738606224371,0.5096787
19,0.9173345269497848,0.497521,41.03716778755188,0.9333231433468504,0.5228721
