epoch,loss,pion_con,train_time,val_loss,val_pion_con
0,1.0388535541492045,0.6875014,99.06088018417358,1.0082788472748379,0.71336925
1,0.9888725959151228,0.6426805,101.31772565841675,0.9876637577505104,0.61829257
2,0.9660383145734539,0.57987684,105.15261483192444,0.9691684662568828,0.5843989
3,0.9498924471542195,0.5433898,100.63571548461914,0.9679932271302952,0.5739389
4,0.9480356714960714,0.5355505,100.1577525138855,0.9558211208072457,0.5400097
5,0.936377926725124,0.5297687,99.66339445114136,0.9532782786161472,0.5466808
6,0.9318369586089775,0.5186038,105.82008147239685,0.9471465935369219,0.5415009
7,0.9303582212898144,0.5142902,100.05696487426758,0.9340557932838066,0.5246754
8,0.9288472823788374,0.51246375,99.34885716438293,0.9503688290568661,0.5363808
9,0.9259955436617523,0.5129765,98.22144222259521,0.9378724476906232,0.52862555
