epoch,loss,pion_con,train_time,val_loss,val_pion_con
0,1.1094056163451345,0.70230836,17.44662880897522,1.1031232696211712,0.7264059
1,1.079173350729971,0.6937908,17.216675758361816,1.0334156881175154,0.70228857
2,1.0215537149898164,0.6642962,17.233041048049927,1.0057918659044207,0.67247295
3,1.0081337765576162,0.61823785,17.279411554336548,1.0045592428822199,0.62294734
4,0.9965487382986628,0.58528465,17.33022904396057,0.9802759538534956,0.5843711
5,0.987444755814249,0.5648145,17.416050672531128,0.9700760001532185,0.55286574
6,0.9812178107893104,0.5511583,17.515442609786987,0.9708523004993086,0.54449177
7,0.9786159536839261,0.54755604,17.563400745391846,0.972621605348018,0.55329293
8,0.9780336306262005,0.54581237,16.869898319244385,0.9631408934420824,0.5539208
9,0.973781003648917,0.5431352,16.992106676101685,0.9687982052623243,0.55123
10,0.9724502196950745,0.53818834,16.79003643989563,0.9602644293803396,0.5403949
11,0.9709442688549186,0.54362464,16.894724369049072,0.9659165610939638,0.5494406
12,0.9679110767028606,0.54159075,16.767049551010132,0.9698430341211457,0.53997904
13,0.9672612544167282,0.5390595,16.748798370361328,0.9611306211360295,0.539329
14,0.9640186562038885,0.5374997,16.713241577148438,0.9592650448436498,0.5332957
15,0.9624493646177589,0.5350361,16.774303674697876,0.9630522148777055,0.53940165
16,0.961731546469186,0.53083384,16.912129640579224,0.9576444776344691,0.5413414
17,0.9611411969013881,0.5323993,17.91559147834778,0.9529390894210374,0.5375981
18,0.9611676054215275,0.5292928,16.871835947036743,0.9682147549015453,0.53799176
19,0.9651748106217746,0.5277186,16.89112377166748,0.955991735188242,0.54231715
20,0.9580233389458863,0.5347023,16.89692783355713,0.9527621573072456,0.5337863
21,0.9589799829384061,0.533033,16.71482491493225,0.956042886322266,0.54306567
22,0.9575029213617772,0.5328381,16.8333101272583,0.9503414381575365,0.5359376
23,0.9571422424085579,0.5360262,16.83612871170044,0.953332702484707,0.54136753
24,0.9558261922160343,0.53501886,16.921953916549683,0.9527331159686679,0.5449992
25,0.958850694819017,0.5336906,16.810498476028442,0.9603479771799165,0.52832896
26,0.9571510579466491,0.5302903,16.908114671707153,0.9501649694159903,0.5350803
27,0.9593598973938734,0.53137976,16.815170288085938,0.9505455180075731,0.54030746
28,0.9559360528368325,0.53734505,16.802681922912598,0.9492740779769907,0.5359621
29,0.9552856871386015,0.5313004,16.849793195724487,0.9505217989075615,0.5303202
30,0.9571406110422455,0.5366412,16.831604480743408,0.9564116465679054,0.542017
31,0.955620745520676,0.5342746,16.85102605819702,0.9555573044328906,0.53220856
32,0.9564273713741072,0.5341623,16.83474588394165,0.9488995239837512,0.5404882
33,0.9561040336601901,0.5360323,16.82404136657715,0.9497723804620949,0.5424135
34,0.9572439875900427,0.52922577,16.79860782623291,0.9508067020175809,0.5358492
35,0.957743222752969,0.5333314,17.81517195701599,0.9483765474893405,0.53316957
36,0.953679350987148,0.53186196,16.858033180236816,0.9519563330821121,0.5356821
37,0.9560483791438099,0.5294712,16.73794174194336,0.9535077396595755,0.54384375
38,0.9543259671014022,0.5287525,16.440717935562134,0.9541433353901806,0.54326975
39,0.9563452393168836,0.5326894,16.46660828590393,0.9576746305760926,0.5367717
40,0.9541795443645554,0.5349,16.402961254119873,0.9478178985751362,0.5372819
41,0.9552109157806316,0.5287193,16.432700872421265,0.9520453344734991,0.53519344
42,0.9558758998121293,0.52653307,16.39975929260254,0.952143529380447,0.5482042
43,0.9561588044281621,0.5302348,16.406497716903687,0.9499753700059501,0.5353978
44,0.953110981708809,0.52743506,16.409708738327026,0.9546922965968317,0.53000236
45,0.9534451388744907,0.5322983,17.687018871307373,0.9525721825888228,0.52942
46,0.9529671872465136,0.5283475,16.907142639160156,0.9552354672762066,0.5300407
47,0.9562092837584838,0.5307019,16.8320791721344,0.9568200171131893,0.5468802
48,0.9512733627420791,0.5290913,16.903948307037354,0.9478442590699494,0.53656197
49,0.9523619813415071,0.5296116,16.86863684654236,0.949487995678256,0.5426823
50,0.9535972086533256,0.5265671,16.821655988693237,0.9508985087588809,0.53651345
51,0.9512453665886775,0.52776927,16.8679518699646,0.9512331212020793,0.5275396
52,0.9534833315986687,0.528911,16.836472988128662,0.9507043087753939,0.53784513
53,0.9519666658247075,0.5337001,16.891478061676025,0.9554085068838806,0.5441257
54,0.9519099340911306,0.5281967,16.94595766067505,0.9528459774768868,0.5482056
55,0.9524749731176183,0.53031874,17.015692710876465,0.9521259197890928,0.54146296
56,0.9521195522425228,0.52816075,16.955464363098145,0.9481653255323496,0.54236966
57,0.9521536084626407,0.531437,16.952081441879272,0.949891517041639,0.543306
58,0.9518998061751799,0.5301563,16.897579669952393,0.9621419801434609,0.5278289
59,0.9539148131399136,0.5330796,16.876277923583984,0.964711670463473,0.5329481
60,0.9522198991518721,0.5301088,16.9561128616333,0.969383813594195,0.53370005
61,0.9506238006533965,0.52953047,17.033092260360718,0.9522836013430559,0.52558786
62,0.9492246024101921,0.527777,16.922569513320923,0.9605811561076808,0.53301567
63,0.9517091166763264,0.5339945,18.255479335784912,0.950866702287958,0.5355823
64,0.9487392464206301,0.5299222,17.61749839782715,0.951097569609666,0.5359017
65,0.9509952877894814,0.5275022,17.174088716506958,0.9496702165559241,0.5262748
66,0.9503447170721754,0.5273463,17.148178577423096,0.9520348653085906,0.5366957
67,0.9500821639355975,0.5271131,17.15538716316223,0.9642182981555746,0.5348625
68,0.9486174433592498,0.5293424,17.231744527816772,0.9478992220039899,0.53793097
69,0.9492333826341532,0.52576375,17.474225759506226,0.9497555864593566,0.54517657
70,0.9539858603750081,0.5299111,17.40781569480896,0.9486110161332216,0.5314083
71,0.9505185576679533,0.5282099,17.285301685333252,0.9471813549490801,0.533699
72,0.9512942068454238,0.5269697,17.261820077896118,0.9522295409020737,0.5225951
73,0.9483350647908042,0.5243779,17.276055574417114,0.9462482472027172,0.53083193
74,0.9498389227902787,0.5236944,17.278064012527466,0.9490900507166903,0.5328233
75,0.9491400871278404,0.52903396,17.261377811431885,0.9453411934081557,0.5342069
76,0.9468014829526031,0.5253059,17.316399574279785,0.9447814618191029,0.52860624
77,0.9499188055211328,0.5275332,17.433815002441406,0.9483454334270539,0.5410336
78,0.9485345572605964,0.52560186,17.31976628303528,0.94668527938803,0.5326643
79,0.9511544480324774,0.52757025,17.349988222122192,0.9469470768514284,0.5208463
80,0.9482859022344633,0.5237879,17.372220993041992,0.9569397456121647,0.53736955
