epoch,loss,pion_con,train_time,val_loss,val_pion_con
0,1.0487177498141595,0.67517596,24.498138427734375,0.9957616476348351,0.69823045
1,0.9808743006536673,0.64016443,23.324859857559204,0.9971292766599475,0.6420503
2,0.9732024261240817,0.6077931,23.135484218597412,0.9736195787993919,0.6190463
3,0.9678869937245304,0.5837971,23.08461880683899,0.9645507227172331,0.5887253
4,0.956786624600928,0.56181973,23.11773657798767,0.9712658927913479,0.5552093
5,0.953906609917008,0.55268204,25.72115182876587,0.9528164820127691,0.55663
6,0.9492169955564366,0.54201066,23.472398281097412,0.9484713333685946,0.5459502
7,0.9441457167599527,0.537796,23.484070539474487,0.945803499815321,0.54008096
8,0.9416158550877174,0.5327139,23.473167657852173,0.9483968526347719,0.5350642
9,0.9384824206600254,0.5226931,23.540703296661377,0.9513958307961701,0.54316044
10,0.940172744460275,0.52059454,23.479227542877197,0.9484073941136603,0.5486276
11,0.939074917766362,0.5250017,23.4695827960968,0.9551934030379386,0.54179204
12,0.937764152521862,0.5164702,23.629596948623657,0.9363707643385434,0.5237293
13,0.9310211300643713,0.51689404,23.336273431777954,0.9389947131285901,0.5408354
14,0.9294757130813183,0.5100807,23.340680360794067,0.9374638072374156,0.5400537
15,0.9314703887159512,0.52218586,23.561038970947266,0.9349962036817147,0.5270543
16,0.9272158258273434,0.5124417,23.498972415924072,0.9320230108851522,0.52138704
17,0.9297108037441593,0.5131282,23.538982152938843,0.9401777388280717,0.518088
18,0.9261982189050851,0.50700694,24.79034924507141,0.932986321139024,0.5154415
19,0.9257497212160994,0.5114552,22.327999591827393,0.9338207254565283,0.53252566
20,0.9256390534397492,0.5103314,22.135480403900146,0.9318638364324601,0.52835166
21,0.9252429724607608,0.5074511,22.14423656463623,0.944351489137883,0.54760987
22,0.9237157537845467,0.5100752,22.190818071365356,0.9285672775394366,0.5176872
23,0.9235801773280499,0.50471884,22.1523916721344,0.9418023487860524,0.5138936
24,0.9233714319650975,0.5053696,22.12768578529358,0.9377030362177027,0.51511
25,0.9238316645166763,0.5064576,22.15846347808838,0.9277291692793044,0.5148491
26,0.9211040946236982,0.5047515,22.178749561309814,0.9267840337418758,0.5124288
27,0.921743754288306,0.5061043,22.173195362091064,0.9366677443912491,0.5134826
28,0.9216418199102095,0.5051401,22.1874840259552,0.9282604198191723,0.5115494
29,0.9183796117744497,0.5010579,22.200518131256104,0.9308404583413424,0.5160083
30,0.9189831781797053,0.50049305,22.189441442489624,0.9300201755410626,0.5203148
31,0.9185208012592914,0.5032174,22.224886894226074,0.9260607700292248,0.5123273
32,0.9204154896305429,0.5002042,22.10485291481018,0.9253422837368481,0.51683193
33,0.9173389201387897,0.49968454,22.19074511528015,0.9256093956042551,0.5175861
34,0.9164028000377216,0.5028429,22.144794702529907,0.9251846285030372,0.5111766
35,0.9158659030666548,0.50027597,22.14108395576477,0.9243684190654742,0.5042722
36,0.9180563047179976,0.5035429,22.163657188415527,0.9286487678310726,0.5243443
37,0.916370109743577,0.5022238,22.142024040222168,0.9302142096283855,0.5182022
38,0.9160119393293208,0.5004791,22.148192882537842,0.9302243209830446,0.52508277
39,0.916428692885879,0.49798292,22.39357876777649,0.9433080992113175,0.51782835
