epoch,loss,pion_con,train_time,val_loss,val_pion_con
0,1.0630381568407548,0.69318986,60.595611810684204,1.0076004110230128,0.70068204
1,0.9858775461036213,0.6457451,53.24903345108032,0.9876313390924406,0.6711815
2,0.9716928430545376,0.590598,60.369147300720215,0.9850338796752834,0.6129848
3,0.9598901595244469,0.5619739,65.83326482772827,0.9612313896416315,0.58294505
4,0.9533489164752458,0.5476815,55.94926571846008,0.9549205487396728,0.55222744
5,0.9489709273716633,0.53828025,45.51909351348877,0.9462111206765869,0.5511996
6,0.9427312408002828,0.53102547,46.69111633300781,0.9547927895928147,0.5362476
7,0.936416767783203,0.5259019,44.617369413375854,0.9521028541750532,0.54412615
8,0.9359710782550277,0.5253838,46.27035140991211,0.941373618282096,0.53220254
9,0.9333821435791111,0.520502,45.49842405319214,0.9391769550816602,0.5274503
10,0.9294268297715415,0.5192596,46.706342697143555,0.9418560054568283,0.53075826
11,0.9294913824813552,0.5199377,44.512187242507935,0.9356879356748788,0.5233146
12,0.9267608564065805,0.5162114,44.49820399284363,0.9480920834219705,0.5327045
13,0.9256044949894852,0.51382744,45.8892936706543,0.9305648002434002,0.5271089
14,0.9225353871216713,0.51015353,46.69046664237976,0.9437581151495885,0.53274304
15,0.9245882171418607,0.50568914,44.61655616760254,0.940267210550834,0.5238588
16,0.9215031167120146,0.511007,45.305413246154785,0.9270348059405198,0.51771104
17,0.9198051690459769,0.50371057,44.71145153045654,0.9410327847522836,0.5192362
18,0.9191713393765909,0.50848126,44.680474519729614,0.9286406627848582,0.509112
19,0.9188624288262667,0.50470346,44.76429009437561,0.9287486396745904,0.5236354
20,0.9153028679586792,0.5012854,45.27701687812805,0.9268809445500348,0.5253048
21,0.9127546878494786,0.49949145,45.091514587402344,0.9251024662658885,0.51082486
22,0.9166296602727718,0.4992939,46.119044065475464,0.9333396359366877,0.51515776
23,0.9126780208290174,0.49720126,46.268152952194214,0.9264328569524245,0.52029324
24,0.9138601246896785,0.50297916,44.346426010131836,0.9290753424717381,0.51994467
25,0.9144972538581659,0.49861798,44.668139696121216,0.9272029143366285,0.5192488
26,0.9121732563013939,0.49675173,46.06642937660217,0.9449398395152975,0.52876717
27,0.9110729669495672,0.49574822,46.404287576675415,0.9286730752966957,0.5207084
28,0.9089660339914403,0.49277592,44.50145959854126,0.932947920474701,0.5228769
29,0.9086748160499686,0.48943126,46.25329804420471,0.9314949116194307,0.50502634
30,0.9082402307607756,0.49219614,44.760550022125244,0.922306171147021,0.5133829
31,0.9071223293275388,0.49429876,45.12824773788452,0.9265374658475333,0.5196898
32,0.9048513818773068,0.4872444,45.26483726501465,0.9222939257834994,0.51503515
33,0.9064608046317983,0.49009162,45.31350636482239,0.9227904191971575,0.5221036
34,0.9052824219710814,0.4912455,44.88853049278259,0.9227609082541224,0.5103105
35,0.9041859173342365,0.4876498,45.30714440345764,0.922070656395638,0.50848496
36,0.9047234357726542,0.48939362,45.2965624332428,0.9226640194879835,0.516336
37,0.9026359617224385,0.48681566,46.24845910072327,0.9251384959383674,0.5118026
38,0.9021632707114,0.48354566,45.33566904067993,0.9220611508916964,0.5033042
39,0.9019728866456411,0.48316026,44.4857394695282,0.9308458862878093,0.5051699
40,0.9020831399281672,0.4882596,44.70539927482605,0.921332329150789,0.51191396
41,0.9020119017720322,0.48332828,46.621288776397705,0.9268071659926419,0.50932926
