epoch,loss,pion_con,train_time,val_loss,val_pion_con
0,1.0751837014866124,0.6964758,25.05118989944458,1.0107407394513106,0.70512426
1,1.008116831710339,0.6462356,29.04156756401062,1.0186515673034262,0.6183977
2,0.9967658378611924,0.6126493,31.587292909622192,0.9806463942221579,0.6167024
3,0.9831308755700501,0.5805142,29.52988886833191,0.9741361384709232,0.577694
4,0.9735800757236421,0.5624327,29.711403846740723,0.9631475927258942,0.5497643
5,0.9627825765008733,0.54958,32.54416036605835,0.9556898322457454,0.55074203
6,0.9577530828312039,0.5361375,25.178227424621582,0.9490089587394699,0.5317965
7,0.9573865252380863,0.53631395,26.737809419631958,0.9498398673280624,0.55960745
8,0.951808470624678,0.52596164,26.10662817955017,0.9556094933969342,0.5469103
9,0.9457811306148507,0.52969605,27.177172660827637,0.9699011831692728,0.5480108
10,0.9428798863043907,0.52034605,26.90224051475525,0.9445444127633427,0.5389698
11,0.9402728878438384,0.5218511,29.741312980651855,0.9451402125697497,0.5380351
12,0.9358313031897204,0.5213924,31.06650185585022,0.9404251788803376,0.5349688
13,0.9325011762730823,0.515922,32.68109965324402,0.9363258121553176,0.52736837
14,0.9332302731770853,0.52008086,25.76068663597107,0.9368170336961652,0.5263716
15,0.931173527423655,0.5201337,33.70134139060974,0.9500661923105068,0.5199687
16,0.9335270535645225,0.51588154,28.234822750091553,0.9398219608242353,0.5360962
17,0.9306317941575647,0.5165009,25.856224536895752,0.9358880240928565,0.5206942
18,0.9308417498652624,0.50953376,31.92739748954773,0.9410610687885376,0.5400151
19,0.9271464167323324,0.51922995,28.632189750671387,0.9380590568843794,0.52482706
20,0.925680345720467,0.51441145,29.664023637771606,0.9407111664759861,0.5300431
21,0.9253364801592964,0.5096477,25.025270462036133,0.9444037571379411,0.5263539
22,0.9255236811306734,0.50963575,30.361525058746338,0.941234946662575,0.5313132
23,0.9253588089877335,0.507069,29.068918466567993,0.9353827741167244,0.52707624
24,0.9260787089180127,0.51352245,34.66598415374756,0.9613237137711538,0.5278171
25,0.9256234596432458,0.51306003,34.59175181388855,0.9362659337804384,0.5233355
26,0.9236340500988359,0.5109733,35.995933532714844,0.934101216173591,0.52073807
27,0.9235213018673204,0.5105243,28.2727313041687,0.9458078724987707,0.5161605
28,0.9251320650446246,0.5072838,30.444158792495728,0.9306201501217173,0.5203817
29,0.9198085111644895,0.505839,27.849395751953125,0.9364638901019464,0.5257644
30,0.9230606447786918,0.5059012,33.6334171295166,0.9331643174524912,0.5242545
31,0.9226697310964904,0.5115769,34.676414251327515,0.934341214290109,0.5228795
32,0.9221611077708117,0.5065743,37.29707479476929,0.934770446945676,0.53000826
33,0.9236900515860919,0.50731224,38.72449970245361,0.9350194665431747,0.5274131
34,0.9208119897816085,0.5050483,41.01115655899048,0.9442113899145582,0.519367
35,0.9198449594049557,0.5045108,36.171417474746704,0.9345345290467868,0.5231202
36,0.9210252139632036,0.5083782,38.0786190032959,0.9358668359951648,0.516493
37,0.9228020267043677,0.50969994,34.21504187583923,0.9335526049374211,0.5252421
38,0.9208226752609177,0.50332946,31.953858137130737,0.9332047249202926,0.5221573
39,0.9213024460798688,0.5079067,38.79869747161865,0.9312104068394593,0.5195911
40,0.9209250293634446,0.509898,38.0059175491333,0.9307061698869553,0.5217118
41,0.9189682989116493,0.5061174,32.166972637176514,0.9292557814266421,0.5204098
42,0.9192205383848948,0.5070185,34.3805992603302,0.9294331084000365,0.5331879
43,0.9198578995856564,0.50921667,36.23766613006592,0.928273469846701,0.518743
44,0.9178126974346994,0.5043842,36.607640504837036,0.9353028067020069,0.52499205
45,0.9195347286641747,0.5040213,37.997698068618774,0.9385930068265591,0.5276609
46,0.9194615831039482,0.50636023,38.42451620101929,0.9503474497225035,0.5156301
47,0.9169627050716417,0.50496966,37.29517602920532,0.9357852901268939,0.52914596
48,0.916682013343787,0.50303847,41.13840389251709,0.9330558984613233,0.52961135
49,0.9173274494279594,0.5069586,37.80808877944946,0.930386132627964,0.51428264
50,0.9184044143365249,0.5013636,25.70821976661682,0.9292467013493219,0.523576
51,0.9204091413392891,0.5033249,26.418788194656372,0.9350612571242911,0.51791024
52,0.9174242036819447,0.5023264,25.507812023162842,0.926269465103096,0.5129882
53,0.9175257564617547,0.50029624,26.510535955429077,0.929068412559612,0.52902824
54,0.9172783080434218,0.51098406,26.985902786254883,0.9294946851568601,0.51308817
55,0.91601781940035,0.50274056,25.589084148406982,0.9290197607327337,0.52452594
56,0.9149946241634593,0.50523025,25.681408166885376,0.939023901403547,0.5328052
57,0.9156148929336714,0.5032519,27.724281787872314,0.9326347137563643,0.52560973
58,0.9162169014564367,0.50633055,30.281370162963867,0.9376474109157459,0.52943677
59,0.91442077817971,0.50275767,27.925506830215454,0.9296567949761189,0.5263476
60,0.9148839548074682,0.5035457,31.520440340042114,0.9294221996583633,0.52920926
61,0.9182801620397119,0.5032094,29.14301061630249,0.9292785949409386,0.51651376
62,0.9166973019428021,0.50196314,27.02692675590515,0.9343340082847452,0.5268214
63,0.913986918570991,0.49972218,36.670599699020386,0.9329911464785459,0.51671016
64,0.9140025520122376,0.5025827,33.464709520339966,0.9311335176449637,0.51818377
65,0.9163180872042296,0.50041044,31.390817165374756,0.9293084474336738,0.52139854
66,0.9147167228660253,0.49783403,29.726880311965942,0.9292531087978292,0.5199967
67,0.9157999024949989,0.50547516,27.661506414413452,0.932044976610203,0.52460045
68,0.914337807472379,0.5044284,28.859825611114502,0.9443199290477631,0.5134693
69,0.9164833503354607,0.49828213,34.82190799713135,0.9273761026758297,0.51514673
70,0.913492536765741,0.50040656,27.09382653236389,0.927057089529218,0.52525246
71,0.9124897768427954,0.50370246,31.724865674972534,0.9314819730213484,0.522981
72,0.9160398244604688,0.5030781,30.739314317703247,0.9359324791477596,0.5263093
73,0.9139019577837549,0.50418574,25.667394161224365,0.9414576338571118,0.51376677
74,0.9149577207251285,0.4955472,27.739673852920532,0.9351336114571354,0.5097207
75,0.912360183802839,0.5003794,26.49653124809265,0.9409840649651153,0.5200607
76,0.912201245761793,0.49772462,26.005786180496216,0.9270720688145222,0.5205271
77,0.911918200888984,0.49972072,27.38594627380371,0.9268143938029308,0.51581347
78,0.9143193990066769,0.50068724,25.044327974319458,0.9303430026606277,0.5245414
79,0.9120622066364369,0.49843097,25.62409806251526,0.926584432895468,0.5196528
80,0.9118121883627223,0.49786568,26.916701316833496,0.9310052120748629,0.509381
81,0.9108589893656195,0.49715817,29.584081649780273,0.930018118556815,0.5139111
82,0.912375192449588,0.50135016,30.738115787506104,0.9244026260817442,0.51668763
83,0.9126622056870093,0.50163317,30.770074367523193,0.9536935958421673,0.53039986
84,0.9109688148207976,0.49818766,28.649765491485596,0.9260445280019213,0.52652746
85,0.9120188070846236,0.49515688,28.402816772460938,0.9261608484736917,0.5154588
86,0.9130741532557631,0.49930468,24.84741449356079,0.9357268418388026,0.524147
87,0.9116929460589002,0.49997792,27.681070804595947,0.9336031106128326,0.5346075
88,0.9117354615503969,0.49794552,29.08924174308777,0.929552573436946,0.5162519
89,0.9120525822269254,0.49890053,28.088297843933105,0.9257797185407629,0.51389146
90,0.9100319188618362,0.4984334,24.95809292793274,0.92453794154576,0.5164506
91,0.9128297334478462,0.5034406,29.64613175392151,0.9235564612756583,0.5185783
92,0.9107966765917981,0.49360028,32.97168946266174,0.9241721150825797,0.5200236
93,0.9118671014182246,0.49494043,34.05447721481323,0.9277667368594836,0.51863766
94,0.9109314714565733,0.4981391,35.52910137176514,0.9235669380250019,0.5230791
95,0.9093816789244591,0.5002186,39.53441262245178,0.9286408110057192,0.52397
96,0.9112349124362978,0.49732304,31.13451838493347,0.9275041043813107,0.5092468
97,0.9121955662251325,0.49793163,34.88649559020996,0.9249565616616754,0.51168954
98,0.9114337951647067,0.50057197,23.972678422927856,0.9298383171816735,0.5087594
99,0.9122161856234442,0.49461344,29.144973039627075,0.926629863408769,0.52562106
