epoch,loss,pion_con,train_time,val_loss,val_pion_con
0,1.0274783779446732,0.663847,252.7916965484619,0.9894867235012299,0.6483393
1,0.9755069594526345,0.57855755,253.1535928249359,0.9736824456683593,0.57765806
2,0.9581432900152953,0.5507059,257.2751154899597,0.9536207996710367,0.5488132
3,0.9434925673719459,0.529509,300.5258593559265,0.9417820620193929,0.5453226
4,0.9370378054011866,0.5291601,249.76694798469543,0.9342918317858956,0.5387969
5,0.9306033083765292,0.5155149,250.41697788238525,0.9372828017713286,0.51695246
6,0.9252005015312165,0.5081304,247.06849813461304,0.9361657260436301,0.53567797
7,0.9233039257660228,0.5052872,244.33361768722534,0.9366112023549006,0.5171092
8,0.919939159013372,0.5053788,243.99392104148865,0.9339633182889021,0.53501654
9,0.9193514602221918,0.50002444,248.59676790237427,0.9337672851518896,0.5420764
