epoch,loss,pion_con,train_time,val_loss,val_pion_con
0,1.0328544879872452,0.67220545,102.5456793308258,0.9952414996891727,0.6504999
1,0.9770173261052006,0.5945775,102.03792428970337,0.9719376553135141,0.5773442
2,0.9601467545853631,0.5577227,102.28440928459167,0.9723354034653732,0.56421083
3,0.9452662723520404,0.5424358,102.17498707771301,0.9934796381596998,0.5782131
4,0.9422602686056526,0.53362864,102.01807188987732,0.9629679089889621,0.54637635
5,0.9329370786656579,0.5239574,101.88600587844849,0.945510037799302,0.5461688
6,0.9291888603814161,0.5169606,101.7071213722229,0.9372226809446496,0.52269167
7,0.9265627522241343,0.51517594,101.97855043411255,0.9317328809712189,0.5204991
8,0.9248458801836897,0.50819546,101.81752181053162,0.9426028414633837,0.521643
9,0.9220707788226457,0.5052473,101.79558062553406,0.9285063104320616,0.5236547
10,0.919868602757018,0.50411,101.87849760055542,0.9516078377695472,0.52419955
11,0.9170661291422875,0.5035312,102.20099401473999,0.9315324777822507,0.51418585
12,0.9143411586031076,0.49788672,101.88007974624634,0.9291012468712988,0.52118146
13,0.9143139251702279,0.49944362,101.8025324344635,0.9284045930331251,0.52350885
14,0.9107591387043267,0.48989484,102.1694450378418,0.9369267652609728,0.52333283
15,0.9099058810638738,0.495152,101.56236386299133,0.9393871469936853,0.5331205
16,0.9086010432453867,0.48876464,101.74084329605103,0.9315374880376467,0.522044
17,0.9075268047128783,0.49042684,104.45845174789429,0.9263401884853817,0.51698035
18,0.9047310601130045,0.49140516,101.78764295578003,0.924302940951854,0.5148111
19,0.9051683126634325,0.48398808,101.99926328659058,0.9219812229962888,0.5154715
20,0.9020183212528323,0.48902124,102.02579116821289,0.9342100258738958,0.52148956
21,0.9019877248471282,0.4878702,101.73523831367493,0.9276855524230234,0.5284624
22,0.9003451079425518,0.49021438,105.49288296699524,0.9214571738241019,0.50843763
23,0.8989039424333132,0.48641753,102.59744024276733,0.9255491591559771,0.511488
