epoch,loss,pion_con,train_time,val_loss,val_pion_con
0,1.0548360030062813,0.6857747,48.2321240901947,1.0047350198534624,0.69572884
1,0.9976131253627979,0.6633711,49.800013303756714,1.0070480472319203,0.6530125
2,0.9856373824728223,0.6267636,51.47888469696045,0.9872444515207011,0.61258256
3,0.9700752612579543,0.5841371,46.29100775718689,0.9782417578031671,0.5971005
4,0.9601885321243926,0.561012,50.286540508270264,0.9565250221997306,0.553076
5,0.9514920192536072,0.5458884,48.800461530685425,0.948168552025541,0.55600494
6,0.9443384389659385,0.53388536,47.86824297904968,0.9471219574419744,0.55169743
7,0.9404239052409005,0.52664936,54.381922483444214,0.9461822533839888,0.5437341
8,0.9368287730326706,0.5252159,56.83263874053955,0.9521868051560071,0.5440856
