epoch,loss,pion_con,train_time,val_loss,val_pion_con
0,1.060303415791286,0.6845361,25.18718647956848,1.0018447089112918,0.7046342
1,0.9846399803381788,0.64144725,26.51878571510315,0.9866458502074047,0.6324609
2,0.9712665780566128,0.58777636,27.684341192245483,0.9683582951577856,0.6009792
3,0.9597322853566518,0.5649613,25.84136986732483,0.9560712036117471,0.57553667
4,0.9471066776605117,0.54045737,26.54705309867859,0.9476782404709962,0.5533488
5,0.9430019201619502,0.5284574,27.118746519088745,0.9479487820532885,0.5380155
6,0.939813786804587,0.5261371,24.382293701171875,0.948869244146791,0.5357063
7,0.9377087294161723,0.52254605,29.394683599472046,0.9422714599295972,0.5343743
8,0.9369587371114384,0.5169786,27.957476139068604,0.9457714060112934,0.52854997
9,0.9308260582337525,0.5100524,25.88991117477417,0.9475239127250371,0.52985597
10,0.9302466992731496,0.51642716,28.67696189880371,0.9369884698198262,0.5315316
11,0.9290337923991357,0.5120715,28.682690382003784,0.9323492789125716,0.5204929
12,0.9282997565201014,0.5107622,25.70321559906006,0.9345468927806463,0.527973
13,0.9284170890295271,0.51164216,28.919113636016846,0.9399830749278021,0.52061146
14,0.9277581416585919,0.5089234,27.412842988967896,0.9335417716258336,0.5228792
15,0.9265844985834423,0.50992465,34.595075845718384,0.9420114521297244,0.52642727
16,0.9251986241034535,0.5054083,28.09801745414734,0.9379679152076257,0.53084713
17,0.9243788817878748,0.5085938,27.880738258361816,0.9330281449238643,0.5289954
18,0.9242280065067562,0.51018155,24.43414545059204,0.9425212642699109,0.5279135
19,0.9228346670563268,0.5025714,23.784000396728516,0.9292287694676781,0.52379876
20,0.9224648438962382,0.50667137,25.43007469177246,0.9619940493539032,0.5411495
21,0.9233788155583501,0.49951938,23.926905155181885,0.9286402776591787,0.51457286
22,0.9209767183268542,0.50509745,30.352785348892212,0.9327355961170772,0.53469956
23,0.9198004142915395,0.50519913,27.48689889907837,0.9287636833689703,0.5235124
