epoch,loss,pion_con,train_time,val_loss,val_pion_con
0,1.0226577934281806,0.69515276,21.150290966033936,1.005320443767098,0.6544727
1,0.922321398293018,0.58700895,21.449795961380005,0.9048436991963222,0.54441285
2,0.8892603053431986,0.5435198,21.04270339012146,0.9074448827899523,0.5373861
3,0.8807293358052881,0.5327462,20.91692304611206,0.8909702182790535,0.52210474
4,0.8761967111736622,0.52862126,20.669056177139282,0.8960743660942868,0.5116116
5,0.8740667051618486,0.5225687,20.838873147964478,0.8861320392961565,0.519286
6,0.8732550213436978,0.5220778,21.042107820510864,0.8955121032970844,0.51822525
7,0.8697354272166595,0.5220816,20.872997999191284,0.8851319286312294,0.513368
8,0.8688033333280376,0.5181185,20.774423122406006,0.8896470005087967,0.5147897
9,0.8665416491882584,0.5152597,20.913172721862793,0.8806984142864867,0.51290566
10,0.8635063242277012,0.5115795,20.655877351760864,0.8805951085281147,0.5080884
11,0.8636300783607151,0.5120048,20.338343620300293,0.8820242060410026,0.5050688
12,0.8617886008058541,0.50714207,20.9997878074646,0.8970354303184149,0.511287
13,0.8615739473544625,0.5088044,21.562820196151733,0.895162876457811,0.5288435
14,0.859778626132209,0.5062878,20.52552628517151,0.8868823954654375,0.51496285
15,0.8591447171774309,0.5068299,20.45283842086792,0.8731895073334456,0.5044806
16,0.857382044748389,0.50734526,20.532266855239868,0.878456444555205,0.51094913
17,0.8565768005790031,0.5048491,20.390514612197876,0.8810260840404824,0.5046453
18,0.854357684962213,0.50207317,20.68031334877014,0.8724492062074548,0.5130314
19,0.8562518815809083,0.50644094,21.745710134506226,0.8842846625865368,0.52207
