epoch,loss,pion_con,train_time,val_loss,val_pion_con
0,1.0137105081328222,0.7074484,20.198899030685425,0.9561022218876475,0.71044534
1,0.9387405747126049,0.67072403,19.728952646255493,0.9458225021757498,0.68158996
2,0.9222501932293172,0.61426014,19.94453454017639,0.929948801007279,0.6273703
3,0.9088056765414427,0.5768353,20.2447772026062,0.9120617321713455,0.59995574
4,0.9021302243686556,0.56262136,19.40030837059021,0.906164885031029,0.5806928
5,0.897879840804882,0.55831563,19.428391933441162,0.9010749688232707,0.5767856
6,0.8928503137695791,0.54926157,19.61372947692871,0.8975719490470015,0.5724372
7,0.8905215631980591,0.5433695,19.4813449382782,0.8953290964963371,0.56419504
8,0.8861586504781923,0.5397158,20.865026473999023,0.8945363266967146,0.5497527
9,0.8858964668357723,0.5377116,19.952738285064697,0.8962368804523566,0.56410474
10,0.8841474684229313,0.5393166,17.257248878479004,0.8891528410767114,0.5513249
11,0.8827718241123532,0.5330452,17.14999508857727,0.8926124979072233,0.54578376
12,0.8807371706848959,0.5262033,18.72104048728943,0.8858132457464273,0.5368734
13,0.8782140468406033,0.5253257,17.894890546798706,0.8844633420072204,0.5390374
14,0.8783093743930112,0.5235043,19.051864624023438,0.8864754688835136,0.5423791
15,0.8785214369776384,0.5226035,21.335936546325684,0.8882985453419727,0.54028213
16,0.8725237838223208,0.5182777,20.376805543899536,0.8812254863393553,0.53321856
17,0.8742083668826418,0.51605195,20.31318998336792,0.897594272139377,0.530314
18,0.870605447457602,0.51664716,20.394134759902954,0.8817640411487465,0.53360945
19,0.8709445603438485,0.5132562,20.369703769683838,0.891615061197278,0.5318501
