epoch,loss,pion_con,train_time,val_loss,val_pion_con
0,0.3116246401463027,0.697342,24.63239049911499,0.28095207364246416,0.563703
1,0.2805791541632806,0.55416447,24.740713119506836,0.2766713196137425,0.5421105
2,0.27704458356369627,0.54317194,25.398967027664185,0.2740759938739056,0.53151435
3,0.27557721827898596,0.52597415,24.540080785751343,0.27307939086754734,0.5370934
4,0.2742094064180708,0.52427405,24.884400844573975,0.2727731011331449,0.5348968
5,0.273179545846062,0.5167318,24.07153344154358,0.27141079917968913,0.52260363
6,0.27240464062250314,0.51744044,24.116246938705444,0.2713428421282511,0.5265671
7,0.2718120427667897,0.5151893,24.127939462661743,0.2712600239377789,0.5263995
8,0.2705742855927171,0.5084833,25.299960374832153,0.2703304528107503,0.52750504
9,0.270405986610553,0.50806665,24.517155647277832,0.2701921988920705,0.51298124
10,0.2693514189690921,0.509907,24.129766941070557,0.268831799439827,0.5067494
11,0.2688856178359233,0.50646603,26.667270183563232,0.2732562312646497,0.50696677
12,0.2685196284885602,0.50305676,25.190539598464966,0.27010021754331864,0.5083473
13,0.26843328673358874,0.50356156,23.996164798736572,0.26805875969343723,0.510014
14,0.267832903949479,0.5026407,24.071682691574097,0.2702036385624362,0.51038605
15,0.2679726154883033,0.5002832,23.912739276885986,0.26805280857076386,0.51255876
16,0.26730424267691455,0.5016026,24.37379789352417,0.2723755184332224,0.50402963
17,0.267124739582191,0.5024236,26.06247901916504,0.26989320189812055,0.51079386
18,0.2668816965563705,0.5002429,24.764795780181885,0.27023784819847585,0.4993931
19,0.2668881421212514,0.5001828,26.89586043357849,0.2677418443426811,0.51196605
