epoch,loss,pion_con,train_time,val_loss,val_pion_con
0,0.42409085698104704,0.9503453,3.4998576641082764,0.3705994054338986,0.92173475
1,0.3307503079796721,0.6743209,3.2794926166534424,0.2947578665457274,0.36534408
2,0.2889346838965642,0.42581686,3.159726619720459,0.26809295093206537,0.33968696
3,0.266587668384445,0.4077598,2.9540984630584717,0.2596744117432071,0.32187924
4,0.25126339871061776,0.39086026,2.979633331298828,0.23926270702727756,0.3008649
5,0.22839289201891874,0.39878246,3.101935863494873,0.22513134788749808,0.31293482
6,0.21745648016936348,0.3558864,3.0581257343292236,0.21967699384330808,0.32212153
7,0.20768963161179294,0.33876365,3.238440752029419,0.20742590949499518,0.27655223
8,0.20864943778903744,0.33000058,3.111104726791382,0.21160875574538582,0.27343404
9,0.1988357063275341,0.30041313,3.1666414737701416,0.20164495650538825,0.27184385
10,0.194951001434202,0.29291123,3.2900149822235107,0.22793817150413542,0.22633803
11,0.1925653479718285,0.27062908,2.892935037612915,0.1924922968772121,0.26736644
12,0.19277984234955123,0.24783601,2.908397674560547,0.19008336098570572,0.22554384
13,0.18747691024164334,0.2602643,3.055104970932007,0.1875229399455221,0.22616462
14,0.1807511475505821,0.24783935,3.356494903564453,0.19018027376859709,0.21398023
15,0.18065133709638034,0.22905444,3.354957342147827,0.1828907533247668,0.22188324
16,0.1736688352076059,0.22736625,3.1406354904174805,0.18083562729950237,0.2120856
17,0.17398324655012598,0.20130537,3.728139638900757,0.18119793760597258,0.19906618
18,0.1722527582751999,0.20462859,3.0915117263793945,0.17760958830664927,0.19675165
19,0.1711998981861144,0.20270726,3.176152229309082,0.17583978501029482,0.20326574
20,0.16765733700556185,0.18460833,2.9848811626434326,0.17610422101684084,0.18113802
21,0.16431966748257135,0.1878354,3.005706787109375,0.18019892107275196,0.2018748
22,0.1656736617585063,0.19188422,2.9351227283477783,0.17338948568007104,0.19626927
23,0.17201712772756284,0.18675388,3.345808506011963,0.17330960738927798,0.17879282
24,0.16102412440245834,0.1646728,2.993943452835083,0.17238977394605937,0.18183383
25,0.16304516118554432,0.19479768,2.890800952911377,0.1676171990041446,0.18645191
26,0.16010881324857174,0.16033143,3.0103487968444824,0.17275435740786388,0.16506469
27,0.15849995564687874,0.17046341,3.0739314556121826,0.16775636106057273,0.18477574
28,0.15807749328897022,0.14392474,2.948784351348877,0.1669394298267544,0.17668387
29,0.1558096861460014,0.15528238,2.9549367427825928,0.16739522704952642,0.16064285
30,0.1572005839648063,0.17198433,3.4191665649414062,0.16653962130833388,0.1798109
31,0.15437844159387393,0.17822683,3.0406601428985596,0.19638211812291825,0.17344373
32,0.15659111618179494,0.15844505,3.560891628265381,0.17548707754988419,0.1812461
33,0.15897630807124843,0.14906079,3.6539132595062256,0.16212536349780576,0.15896598
34,0.14984652516841568,0.1634048,3.132140636444092,0.16246305484520762,0.18667324
35,0.1510714462947399,0.142777,3.009767770767212,0.16004863347774162,0.15774605
36,0.14750450249005684,0.14971267,3.0626323223114014,0.16300290021905325,0.15961558
37,0.14608576545132487,0.14746018,3.055929183959961,0.1640290578729228,0.15767902
38,0.14974558062162283,0.14331996,3.163254737854004,0.16134166919199147,0.15155596
39,0.15170505399839368,0.130967,3.12951397895813,0.17365372292977527,0.1439625
40,0.1488568602408126,0.13387816,3.055720806121826,0.16409256426911606,0.13615493
41,0.14532271095279367,0.1421615,3.1452279090881348,0.16018430384478174,0.13849652
42,0.14805966496251544,0.12757592,3.1138055324554443,0.16728746263604416,0.13761523
43,0.1452251532515002,0.14111307,3.083536148071289,0.17142670338315175,0.15163971
44,0.14865667051773837,0.14046662,3.598041534423828,0.16101185249206715,0.14483035
45,0.14253096503128956,0.13687545,3.1666367053985596,0.1598832699141108,0.13482091
46,0.1409970181974761,0.11394145,3.613532543182373,0.15693416631311402,0.15516749
47,0.140600365525941,0.13259636,3.6912460327148438,0.16409289500767127,0.19267711
48,0.1415484460276523,0.12504236,3.2929484844207764,0.16332365359578813,0.15264904
49,0.1428636821212665,0.12825122,3.2461838722229004,0.1618244457513766,0.14251791
50,0.14075735943327655,0.13183416,3.4600021839141846,0.1578578114285505,0.15137963
