epoch,loss,pion_con,train_time,val_loss,val_pion_con
0,0.42721235275604624,0.95243347,3.3866610527038574,0.363478280099711,0.9435556
1,0.33682331638074364,0.62218505,2.992776393890381,0.3038788368379263,0.40519404
2,0.2853114071736833,0.360744,3.2551255226135254,0.2692721940969166,0.41164297
3,0.2625597209050393,0.359638,3.28238582611084,0.25384514941308733,0.3983242
4,0.25517342281527194,0.36089483,3.145404100418091,0.2425876806553145,0.4092573
5,0.2371547752049869,0.34213498,3.0057969093322754,0.23352887800761632,0.43544254
6,0.22398130587982418,0.35998178,3.3688807487487793,0.22035968012379525,0.4133984
7,0.2144178954394556,0.3432797,3.45796799659729,0.21861769180548818,0.3757809
8,0.2053549493526609,0.32192683,2.9637610912323,0.20757811365270973,0.34748405
9,0.19770169959466463,0.30914617,3.5175302028656006,0.20581897028854915,0.3740185
10,0.19528878603522162,0.29759338,3.3851239681243896,0.20725620409151665,0.3371726
11,0.19255597621666568,0.26680407,3.311243772506714,0.21236682823277953,0.31649342
12,0.18456567934910426,0.23911557,3.0698165893554688,0.1980261997620862,0.30484453
13,0.19114753273265092,0.24797699,3.1683826446533203,0.1933721297217491,0.2811131
14,0.1802162998217771,0.25795245,3.041403293609619,0.18983333641873265,0.25798294
15,0.18077186971566775,0.2513053,3.170774221420288,0.20126324981675112,0.35029238
16,0.18524701367618093,0.22406255,3.060746669769287,0.22475297401722213,0.31713283
17,0.1839726751107372,0.22111613,2.8961570262908936,0.18786146239678664,0.26098302
18,0.17260251719250042,0.22197032,2.8961739540100098,0.18848253769758053,0.25392437
19,0.17085660915036124,0.2237379,2.8988821506500244,0.18698221153782724,0.27398017
20,0.16632733148870124,0.21361881,4.189466953277588,0.1818272045680455,0.272393
21,0.16684256730195354,0.18415907,3.9254708290100098,0.18236189968603894,0.26356456
22,0.16639999729832605,0.19950454,2.9742369651794434,0.19021208550696983,0.31023273
23,0.16616629390352317,0.19776252,3.0591468811035156,0.1838107295054242,0.26405948
24,0.16825347676711172,0.1843823,2.975013017654419,0.1912147950633128,0.2663419
25,0.1641856397783809,0.1761962,2.940864324569702,0.17822475608130148,0.26976344
26,0.1611857389500356,0.17560633,2.9266979694366455,0.18297329287331804,0.23904812
27,0.15946940322448974,0.17616062,2.901477575302124,0.176954864559317,0.2359751
28,0.15715660637821954,0.16867211,2.9250235557556152,0.1752215060300397,0.26100308
29,0.15589177983369518,0.16067657,2.977607488632202,0.17684619756121384,0.21256472
30,0.15641605027259028,0.15501964,2.9705097675323486,0.17596377040210523,0.27171165
31,0.15533281727907144,0.17583033,2.9383859634399414,0.18529390157165385,0.22669327
32,0.15454502391633548,0.15864007,2.9294257164001465,0.17366795488318107,0.24631523
33,0.15235426228711998,0.16347048,3.0432376861572266,0.17380495739162416,0.25482345
34,0.15375379004571593,0.1623644,3.400728702545166,0.17893651486339426,0.23412794
35,0.1525003303165947,0.15691946,3.2493081092834473,0.17107348132850533,0.26642317
36,0.15081108994416895,0.13876949,3.223017454147339,0.172671572830444,0.23104858
37,0.15145380746491693,0.14879015,3.1388967037200928,0.1754225340104641,0.25771168
38,0.1525052153779318,0.14861932,2.9682796001434326,0.17065172782517912,0.22597316
39,0.14763204872324123,0.14245293,3.0547962188720703,0.17223511165694186,0.21961455
40,0.1469971829972054,0.1495654,3.1024463176727295,0.17155650885481583,0.25544682
41,0.14625732337833172,0.15698726,2.9962072372436523,0.17036591268571696,0.22697927
42,0.1455381058475558,0.13256103,3.069556713104248,0.1692294219606801,0.19410305
43,0.1457444753366311,0.13417149,3.025052785873413,0.17554343441375217,0.20878115
44,0.14476288464392956,0.14747664,3.0041558742523193,0.17327790600912912,0.21529134
45,0.14532176640991445,0.13919725,3.0911471843719482,0.17796719724074342,0.23182209
46,0.14268425499285478,0.123452686,3.1013245582580566,0.16956873294106103,0.24928968
47,0.1405264331496215,0.13136569,3.5563173294067383,0.17287619288702658,0.21935202
48,0.14034688954299962,0.12199515,3.7271616458892822,0.1807495109120706,0.21921621
49,0.14190378054378336,0.12495795,3.2998876571655273,0.17333074059701503,0.23018324
50,0.14312446923572147,0.12693574,3.0518102645874023,0.1690366604274377,0.23390889
51,0.13859697351709022,0.119905636,3.1041319370269775,0.18163874151563286,0.2172562
