epoch,loss,pion_con,train_time,val_loss,val_pion_con
0,0.31653790076898747,0.73159003,20.770474672317505,0.28768840517690614,0.6267779
1,0.2855413222951595,0.6109181,20.094097137451172,0.27989218974778374,0.5725248
2,0.2812415929691767,0.5771121,22.032451629638672,0.2784343402238869,0.5582642
3,0.27868660988580424,0.5617812,20.448310613632202,0.27633976399163795,0.53358436
4,0.27774098215084747,0.55229086,20.230337619781494,0.27542447102087053,0.5373578
5,0.2769745662202188,0.54495853,21.656265258789062,0.2768387273432737,0.5278852
6,0.27495212765309734,0.53876096,22.258069038391113,0.2731277681748736,0.5198516
7,0.27420989260447726,0.5288684,19.47665286064148,0.2745306875281345,0.5267019
8,0.2741672079497811,0.5336116,20.01235795021057,0.2774322493791674,0.5141191
9,0.2733535720691853,0.5242982,21.092271089553833,0.2758941234054383,0.5263842
10,0.27251134953758255,0.5206948,20.287757396697998,0.28040970255691083,0.5230952
11,0.27245430687399164,0.5205466,20.35143280029297,0.2731429350583522,0.5187041
12,0.2712567013427568,0.5174107,20.195228815078735,0.2773313583423402,0.5187518
13,0.27104154615215853,0.51153815,19.76334857940674,0.27292245286179156,0.5080038
14,0.27100991665098384,0.51400596,19.956730127334595,0.272508186648665,0.52393967
15,0.27062296145598663,0.51243675,20.616737127304077,0.2714295645024219,0.5053096
16,0.27024575170499393,0.50671816,19.934784650802612,0.27075374086571097,0.51283664
17,0.2699125707049941,0.5114488,18.236971378326416,0.2706190704538589,0.5088409
18,0.2702966751851852,0.5064379,18.77783989906311,0.27015925379708633,0.50188154
