epoch,loss,pion_con,prec,recall,train_time,val_loss,val_pion_con,val_prec,val_recall
0,0.31018537429592763,0.6808029,0.14708866,0.1030983,19.581464290618896,0.286205180822753,0.57472724,0.17005605,0.15609512
1,0.2800407518067289,0.5512397,0.17400846,0.19856323,19.174899339675903,0.28026021636933585,0.5630834,0.17121346,0.17019218
2,0.2765994607848224,0.53193873,0.1788114,0.21366203,19.195245027542114,0.2825779564639262,0.53705263,0.17905188,0.2800323
3,0.2752045426468152,0.5275674,0.18034409,0.21523824,19.1060209274292,0.2767447937294107,0.54612184,0.17551515,0.23780431
4,0.27407373620817493,0.52593124,0.18023127,0.22470136,16.704484701156616,0.281900652069184,0.5351116,0.18197031,0.25424737
5,0.2735197048192459,0.51269734,0.18349801,0.22615281,16.741618871688843,0.2761744254365555,0.5381288,0.17922889,0.19661479
6,0.2728913294405793,0.5132713,0.18427427,0.22515096,16.773589849472046,0.27973334347497764,0.5341092,0.18037151,0.25154456
7,0.27180701848165906,0.50873566,0.18593019,0.23011951,16.70659041404724,0.280399003540109,0.5378746,0.17854483,0.19264157
8,0.2707937355568592,0.5056855,0.18660788,0.23596138,16.7270450592041,0.2756558223212469,0.52601075,0.18381928,0.29696494
9,0.2702691976391656,0.50757486,0.18582065,0.23705691,16.731173992156982,0.2783175280092375,0.52386504,0.18353193,0.26559845
10,0.26982626317163605,0.5035337,0.1871093,0.23873945,16.75769305229187,0.27285955269530443,0.524255,0.18496194,0.21200189
11,0.2693053818090187,0.50782746,0.18573584,0.23955514,16.766976594924927,0.27674702437142734,0.5277067,0.18094085,0.30397934
12,0.2687671323193853,0.50450647,0.18749033,0.24329074,16.727431297302246,0.2735414886962348,0.5219067,0.18469831,0.20457663
13,0.26843993005125233,0.50597006,0.18687129,0.24515487,16.78985071182251,0.2724460478945827,0.52006584,0.1855828,0.21872851
14,0.26800349144764124,0.49842522,0.1893028,0.24747759,16.76629900932312,0.27361214205732753,0.52219766,0.18715475,0.18616846
15,0.26811100668946364,0.49969274,0.19015095,0.24505784,16.73450493812561,0.2737276627861151,0.51415426,0.18785647,0.26723236
16,0.267782781874169,0.50228053,0.18824187,0.24619707,16.748149156570435,0.27248682120325013,0.51281375,0.18716739,0.2600474
17,0.2677669963066934,0.49447343,0.18982258,0.247015,16.80020809173584,0.27324897286845246,0.5014105,0.18873458,0.24407998
18,0.2677842685496191,0.49962407,0.1890062,0.24865569,16.699981927871704,0.27302801820601014,0.52922803,0.18326369,0.2387293
19,0.26704951179789166,0.49744302,0.1890363,0.24790162,16.724919080734253,0.2748430384989098,0.5131368,0.18645644,0.2923597
