epoch,loss,pion_con,prec,recall,train_time,val_loss,val_pion_con,val_prec,val_recall
0,0.4738727896540805,0.64639986,0.15457234,0.23831026,17.383314847946167,0.44632019717131494,0.57083213,0.16837476,0.27725503
1,0.4388307582591819,0.558532,0.17155601,0.34329107,16.828059911727905,0.44800821740440633,0.5634792,0.17288382,0.27618247
2,0.43336228841024305,0.5367192,0.17681113,0.35434535,16.790181159973145,0.43650655969459545,0.5519548,0.17451778,0.4069388
3,0.4310080915486058,0.524872,0.18011871,0.36344293,16.77599000930786,0.4365553596368144,0.5512988,0.17425534,0.36326343
4,0.42809896067666336,0.5179596,0.1830735,0.366534,16.820536375045776,0.4302618791276239,0.5336028,0.18037756,0.372818
5,0.42621890726268674,0.5127739,0.18478622,0.3703536,16.780604124069214,0.4333112862772232,0.53214556,0.18225656,0.4314519
6,0.42579780718464355,0.5100902,0.18548681,0.36938545,16.768067359924316,0.43377678105869394,0.5282811,0.18350342,0.35078794
7,0.42505135430483715,0.50682294,0.18612924,0.37303784,16.78421688079834,0.428200506269554,0.5237371,0.18312609,0.37438938
8,0.4236119642918594,0.50737,0.18591118,0.37607768,16.846731424331665,0.4327688427552344,0.5317865,0.18002765,0.32432202
9,0.4221414332033958,0.5023883,0.1882487,0.37868765,16.838224172592163,0.43065456563830196,0.5292588,0.18198197,0.41438028
10,0.4227025632497564,0.50206614,0.18826598,0.37761998,16.82896852493286,0.42725642780331763,0.52068144,0.18545605,0.398782
11,0.4217321236276696,0.5017792,0.18814787,0.38175628,16.858237981796265,0.42794055214173965,0.52427787,0.18280764,0.40824008
12,0.4212878764599504,0.50096697,0.18789868,0.3825667,16.81534194946289,0.4284641511108761,0.5138374,0.1871144,0.38236862
13,0.4216352843678633,0.5036956,0.18758704,0.38246736,16.84788465499878,0.4308409295859243,0.51781476,0.18238598,0.45015228
14,0.42057690169871115,0.49936688,0.18910177,0.38592696,16.8451988697052,0.42968381253417287,0.5262676,0.18287806,0.29802504
15,0.42007782824872947,0.4975254,0.18929446,0.3843636,16.867072105407715,0.426930949100379,0.5210544,0.18530332,0.38418242
16,0.4196019810357276,0.4963373,0.18843953,0.38388988,16.846149444580078,0.42835800206738867,0.5259398,0.18094872,0.42330593
17,0.41963044358666246,0.49664804,0.18904072,0.38675728,16.821449518203735,0.4259851370696427,0.5247156,0.18357706,0.40705395
18,0.418474728137543,0.50094515,0.18862128,0.38510358,16.878593683242798,0.4304407418383873,0.50745606,0.19014199,0.36780834
19,0.41910695555398614,0.49740154,0.18968378,0.38873065,16.840830326080322,0.43228534777618743,0.52491707,0.1833609,0.3149813
